1,0.5686647,-25,11.0265,0,0,2.021644,-36.37157,0,0,0,0,0,1.726644,-12.59931
1,1.726644,-12.59931,10.56685,0,0,1.771395,-31.66278,0,0,0,0,0.5,3.45651,-16.30248
1,3.45651,-16.30248,9.302966,0,0,1.223356,-10.6552,0,0,2.711603,-10.65526,1,4.115395,0
1,4.115395,0,7.285316,0,0,1.33116,-4.290848,0,0,2.546821,-4.290894,1.5,3.802689,0
1,3.802689,0,5.312021,0,0,1.524621,-4.534363,0,0,2.354631,-4.534363,2,4.198538,0
1,4.198538,0,3.407764,0,0,1.636041,-4.250168,0,0,2.241733,-4.250168,2.5,3.873571,0
1,3.873571,0,1.413309,0,0,1.752804,-1.343475,0,0,2.115369,-1.343475,3,3.510054,-17.39499
1,3.510054,-17.39499,0.5380134,0,0,1.847601,-4.790237,0,0,2.033064,-4.790237,3.5,2.689448,-25
1,2.689448,-25,1.959381,1.854575,-50.60739,0,0,0,0,1.489526,-39.3925,4,2.426911,-25
1,2.426911,-25,3.002723,1.795115,-64.8301,0,0,0,0,1.285581,-25.17085,4.5,0,0
1,0.710848,-25,11.02885,0,0,1.985029,-35.65776,0,0,0,0,0,1.445397,-25
1,1.445397,-25,10.54863,0,0,1.690289,-27.30914,0,0,0,0,0.5,2.84055,-6.369741
1,2.84055,-6.369741,9.437646,0,0,1.431128,-3.918869,0,0,2.445046,-3.918961,1,2.699163,0
1,2.699163,0,8.053578,0,0,1.403601,-1.952545,0,0,2.465756,-1.952438,1.5,3.398671,0
1,3.398671,0,6.426177,0,0,1.398757,-0.5252686,0,0,2.468516,-0.5252686,2,3.607685,0
1,3.607685,0,4.609699,0,0,1.412584,-0.5399475,0,0,2.454698,-0.5399475,2.5,3.333587,0
1,3.333587,0,2.896661,0,0,1.432392,-0.5403137,0,0,2.43489,-0.5395966,3,3.445674,0
1,3.445674,0,1.246195,0,0,1.445313,-0.5395966,0,0,2.421969,-0.5399475,3.5,3.05962,-21.25459
1,3.05962,-21.25459,0.5153736,0,0,1.923802,-20.2347,0,0,2.19767,-20.23462,4,2.738344,-25
1,2.738344,-25,1.691276,2.242799,-47.48657,0,0,0,0,1.818759,-47.48639,4.5,2.540357,-3.727437
1,2.540357,-3.727437,2.83884,0,0,2.475733,-16.17336,0,0,0.9060459,-16.17329,5,0,0
1,0.9995748,-25,11.01945,0,0,2.020267,-36.52094,0,0,0,0,0,2.451929,-25
1,2.451929,-25,10.20412,0,0,1.599258,-24.17683,0,0,0,0,0.5,3.210854,-3.90554
1,3.210854,-3.90554,8.678463,0,0,1.518016,-5.345306,0,0,2.365984,-5.345261,1,2.96456,0
1,2.96456,0,7.149638,0,0,1.721996,-8.156509,0,0,2.184634,-8.156631,1.5,2.759469,0
1,2.759469,0,5.737179,0,0,1.884675,-4.43782,0,0,1.994065,-4.437866,2,3.06864,0
1,3.06864,0,4.184228,0,0,1.950207,-2.26088,0,0,1.919917,-2.26088,2.5,2.83499,1.245522
1,2.83499,1.245522,2.716623,0,0,1.915205,-0.6138916,0,0,1.952126,-0.6138916,3,2.604138,-1.24891
1,2.604138,-1.24891,1.385481,0,0,1.842824,-4.233734,0,0,2.034868,-4.233734,3.5,2.358471,-17.37497
1,2.358471,-17.37497,0.3151421,0,0,1.805129,-0.3856201,0,0,2.06207,-0.3856201,4,2.09223,-25
1,2.09223,-25,0.9933662,0,0,2.211542,-18.16652,0,0,1.858439,-18.16646,4.5,1.889229,-25
1,1.889229,-25,1.911713,1.787704,-45.83388,0,0,0,0,1.295724,-45.83611,5,1.695581,-25
1,1.695581,-25,2.678629,2.151276,-63.1488,0,0,0,0,1.070755,-26.85141,5.5,2.34254,-25
1,2.34254,-25,3.525438,0,0,0.9353347,-2.020813,0,0,0.992793,-2.020721,6,0,0
1,0.678682,-25,11.03248,0,0,2.056868,-37.41011,0,0,0,0,0,0.9891837,-25
1,0.9891837,-25,10.64434,0,0,1.66329,-26.48625,0,0,0,0,0.5,1.206443,-23.79975
1,1.206443,-23.79975,10.15927,0,0,1.505669,-17.29535,0,0,2.54457,-17.2953,1,2.476512,-15.0481
1,2.476512,-15.0481,9.230264,0,0,1.416419,-2.312225,0,0,2.453844,-2.312225,1.5,2.513994,6.214001
1,2.513994,6.214001,7.93917,0,0,1.62997,-10.0247,0,0,2.297096,-10.02475,2,3.008013,1.191653
1,3.008013,1.191653,6.676147,0,0,1.788586,-5.668457,0,0,2.097527,-5.668533,2.5,4.077977,4.981674
1,4.077977,4.981674,4.895501,0,0,1.815164,-1.281616,0,0,2.052914,-1.281616,3,4.214056,0
1,4.214056,0,2.750794,0,0,1.782021,-0.9968109,0,0,2.085675,-0.9968109,3.5,3.881916,0
1,3.881916,0,0.7777318,0,0,1.759847,-0.3454742,0,0,2.107334,-0.3449249,4,3.178861,-25
1,3.178861,-25,1.066242,0,0,2.532634,-26.0905,0,0,1.773245,-26.09055,4.5,2.86829,-25
1,2.86829,-25,2.409845,1.894107,-55.43474,2.90903,-34.56374,0,0,1.090814,-55.43626,5,2.152974,0
1,2.152974,0,3.48638,0,0,0.9071702,-3.717148,0,0,1.023821,-3.717056,5.5,0,0
1,0.5051791,-25,11.02786,0,0,2.064914,-37.42586,0,0,0,0,0,0.8518407,-25
1,0.8518407,-25,10.69205,0,0,1.737946,-29.04179,0,0,0,0,0.5,0.9215224,-22.47043
1,0.9215224,-22.47043,10.29147,0,0,1.56254,-21.11792,0,0,0,0,1,2.511076,-15.17518
1,2.511076,-15.17518,9.385181,0,0,1.364008,-11.08769,0,0,2.576662,-11.08788,1.5,2.681551,0
1,2.681551,0,8.015403,0,0,1.351798,-0.3810425,0,0,2.515398,-0.381546,2,3.157536,0
1,3.157536,0,6.648271,0,0,1.478548,-4.108612,0,0,2.398526,-4.108551,2.5,2.996083,6.212476
1,2.996083,6.212476,5.092525,0,0,1.568805,-4.110794,0,0,2.30828,-4.110886,3,3.260562,0
1,3.260562,0,3.62589,0,0,1.653014,-2.630005,0,0,2.218174,-2.630005,3.5,3.83525,0
1,3.83525,0,1.768849,0,0,1.717313,-2.629578,0,0,2.153873,-2.629486,4,3.490495,-16.12647
1,3.490495,-16.12647,0.2944632,0,0,1.837655,-3.947205,0,0,2.038651,-3.947296,4.5,2.862761,-25
1,2.862761,-25,1.578414,0,0,2.63907,-27.72672,0,0,1.729673,-27.72665,5,2.583071,-25
1,2.583071,-25,2.750124,2.636797,-68.06998,0,0,0,0,1.015698,-21.93004,5.5,0,0
1,0.6361813,0,11.05162,0,0,1.72492,0,0,0,2.14219,0,0,1.80435,0
1,1.80435,0,10.49032,0,0,1.725187,-0.02796936,0,0,2.141924,-0.02796936,0.5,2.470905,0
1,2.470905,0,9.359199,0,0,1.725605,-0.02796936,0,0,2.141506,-0.02796936,1,2.356254,0
1,2.356254,0,8.169943,0,0,1.726291,-0.01979065,0,0,2.140819,-0.02796936,1.5,2.690707,0
1,2.690707,0,6.812058,0,0,1.726804,-0.01979065,0,0,2.140306,-0.02796936,2,3.415663,0
1,3.415663,0,5.376268,0,0,1.727606,-0.01979065,0,0,2.139505,-0.02796936,2.5,3.260418,0
1,3.260418,0,3.687843,0,0,1.72826,-0.02796936,0,0,2.138851,-0.02796936,3,3.383926,0
1,3.383926,0,2.071387,0,0,1.729192,-0.02796936,0,0,2.137918,-0.02796936,3.5,3.115487,-8.771564
1,3.115487,-8.771564,0.5345094,0,0,1.729822,-0.02796936,0,0,2.137289,-0.02796936,4,2.73709,-25
1,2.73709,-25,1.0068,0,0,2.478601,-26.25674,0,0,1.833419,-26.25668,4.5,2.469574,-25
1,2.469574,-25,2.166775,2.000896,-51.65382,0,0,0,0,1.315093,-51.65588,5,2.242226,-20.03002
1,2.242226,-20.03002,3.12258,0,0,1.020919,-6.042023,0,0,0.9167753,-6.041946,5.5,0,0
1,0.6467281,0,11.0577,0,0,1.725033,-0.04423523,0,0,2.142078,-0.03956604,0,1.711233,0
1,1.711233,0,10.51647,0,0,1.725271,0,0,0,2.14184,0,0.5,2.798877,0
1,2.798877,0,9.279991,0,0,1.725271,0,0,0,2.14184,0,1,2.926977,0
1,2.926977,0,7.820931,0,0,1.725271,0,0,0,2.14184,0,1.5,3.159901,0
1,3.159901,0,6.212684,0,0,1.725271,0,0,0,2.14184,0,2,3.900323,0
1,3.900323,0,4.438861,0,0,1.725271,0,0,0,2.14184,0,2.5,3.603997,0
1,3.603997,0,2.576111,0,0,1.725271,0,0,0,2.14184,0,3,3.330181,0
1,3.330181,0,0.8906541,0,0,1.725271,0,0,0,2.14184,0,3.5,2.611487,-25
1,2.611487,-25,0.7108597,0,0,1.848421,-7.838379,0,0,2.055165,-7.838379,4,2.356803,-25
1,2.356803,-25,1.823116,1.934189,-44.86859,0,0,0,0,1.510666,-44.86844,4.5,2.131045,-21.27258
1,2.131045,-21.27258,2.7553,2.683057,-66.99918,0,0,0,0,0.9544877,-23.00148,5,1.070221,0
1,1.070221,0,3.488532,0,0,0.9934953,-5.536469,0,0,0.9424646,-5.536438,5.5,0,0
1,0.4537881,0,11.05849,0,0,1.725132,-0.09690857,0,0,2.141984,-0.09690857,0,1.330787,0
1,1.330787,0,10.64566,0,0,1.725519,-0.03427124,0,0,2.141592,-0.03956604,0.5,3.15752,0
1,3.15752,0,9.507965,0,0,1.725962,-0.03427124,0,0,2.141149,-0.03956604,1,3.376654,0
1,3.376654,0,7.800524,0,0,1.727207,-0.03427124,0,0,2.139904,-0.03956604,1.5,4.015247,0
1,4.015247,0,5.923123,0,0,1.72814,-0.03427124,0,0,2.138971,-0.03956604,2,3.714078,0
1,3.714078,0,3.998348,0,0,1.729646,-0.03427124,0,0,2.137464,-0.03956604,2.5,3.431897,0
1,3.431897,0,2.226829,0,0,1.730585,-0.03427124,0,0,2.136526,-0.03956604,3,3.164486,-6.179594
1,3.164486,-6.179594,0.6460432,0,0,1.73189,-0.03427124,0,0,2.135221,-0.03956604,3.5,2.778607,-25
1,2.778607,-25,0.9091942,0,0,2.006087,-14.03775,0,0,1.980068,-14.0377,4,2.51357,-25
1,2.51357,-25,2.115485,2.011283,-51.54204,0,0,0,0,1.231301,-51.54445,4.5,2.306977,-7.60499
1,2.306977,-7.60499,3.117757,2.489091,-15.73474,2.416161,-15.73337,0,0,0.9582158,-15.73332,5,0,0
1,0.5222711,0,11.05712,0,0,1.724961,-0.05934143,0,0,2.142152,-0.05934143,0,1.110989,0
1,1.110989,0,10.64437,0,0,1.723783,-0.2130585,0,0,2.143353,-0.2130585,0.5,2.68194,0
1,2.68194,0,9.745791,0,0,1.72158,-0.2112122,0,0,2.145556,-0.2112122,1,3.18935,0
1,3.18935,0,8.216411,0,0,1.715149,-0.2112122,0,0,2.151988,-0.2102814,1.5,3.470116,0
1,3.470116,0,6.455922,0,0,1.710006,-0.2102814,0,0,2.15713,-0.2102814,2,3.621233,0
1,3.621233,0,4.718674,0,0,1.702333,-0.2112122,0,0,2.164803,-0.2102814,2.5,3.500721,0
1,3.500721,0,2.98266,0,0,1.697147,-0.2102814,0,0,2.169989,-0.2112122,3,3.587917,0
1,3.587917,0,1.169359,0,0,1.689111,-0.2112122,0,0,2.178025,-0.2112122,3.5,3.214274,-22.43854
1,3.214274,-22.43854,0.6163505,0,0,1.88436,-10.39745,0,0,2.047311,-10.39749,4,2.512107,-25
1,2.512107,-25,1.873646,1.867363,-48.09959,0,0,0,0,1.408448,-48.10075,4.5,2.267812,-25
1,2.267812,-25,2.879513,2.693804,-69.55626,0,0,0,0,1.052324,-20.44234,5,0,0
1,0.6698203,0,11.05345,0,0,1.725009,0,0,0,2.142101,0,0,1.615071,0
1,1.615071,0,10.494,0,0,1.724998,0,0,0,2.142112,0,0.5,2.332199,0
1,2.332199,0,9.5642,0,0,1.725009,0,0,0,2.142101,0,1,2.613811,0
1,2.613811,0,8.377495,0,0,1.725048,0,0,0,2.142063,0,1.5,2.638954,0
1,2.638954,0,7.096624,0,0,1.725105,0,0,0,2.142005,0,2,2.98869,0
1,2.98869,0,5.578819,0,0,1.725143,0,0,0,2.141967,0,2.5,3.578054,0
1,3.578054,0,4.035743,0,0,1.7252,0,0,0,2.14191,0,3,3.783648,0
1,3.783648,0,2.123923,0,0,1.725238,0,0,0,2.141872,0,3.5,3.488933,-6.203875
1,3.488933,-6.203875,0.437539,0,0,1.725296,0,0,0,2.141815,0,4,2.744881,-25
1,2.744881,-25,1.233037,0,0,2.068688,-16.33589,0,0,1.961112,-16.33589,4.5,2.476826,-25
1,2.476826,-25,2.354134,1.60917,-55.07552,2.734664,-34.92235,0,0,1.230247,-34.92235,5,2.244166,-20.02401
1,2.244166,-20.02401,3.233578,2.370559,-11.7139,0.7722098,-11.71353,0,0,1.195557,-11.7135,5.5,0,0
1,0.3405735,0,11.06291,0,0,1.724832,-0.07913208,0,0,2.142282,-0.08155823,0,0.6798175,0
1,0.6798175,0,10.8276,0,0,1.724653,-0.04846191,0,0,2.142458,-0.05233765,0.5,1.345147,0
1,1.345147,0,10.27403,0,0,1.723736,-0.09486389,0,0,2.14338,-0.0927887,1,2.300267,0
1,2.300267,0,9.475048,0,0,1.722824,-0.09486389,0,0,2.144292,-0.0927887,1.5,2.970657,0
1,2.970657,0,8.071216,0,0,1.720257,-0.09486389,0,0,2.146859,-0.0927887,2,2.856673,0
1,2.856673,0,6.597524,0,0,1.718288,-0.09486389,0,0,2.148827,-0.0927887,2.5,2.855623,0
1,2.855623,0,5.188571,0,0,1.715475,-0.09486389,0,0,2.15164,-0.0927887,3,3.103095,0
1,3.103095,0,3.793571,0,0,1.713629,-0.09486389,0,0,2.153487,-0.0927887,3.5,3.180282,0
1,3.180282,0,2.163693,0,0,1.710476,-0.0927887,0,0,2.15664,-0.0927887,4,2.902062,-14.92575
1,2.902062,-14.92575,0.6953991,0,0,1.70922,0,0,0,2.15789,0,4.5,2.564979,-23.73842
1,2.564979,-23.73842,0.7790824,0,0,2.616874,-29.26416,0,0,1.815979,-29.26418,5,2.332976,-23.757
1,2.332976,-23.757,1.972582,2.187929,-44.43059,0,0,0,0,1.189671,-44.43286,5.5,2.103635,-21.27254
1,2.103635,-21.27254,2.994434,2.325987,-20.28461,2.509796,-20.28502,0,0,0.9528989,-20.285,6,0,0
1,0.6610327,0,11.05476,0,0,1.725093,-0.07661438,0,0,2.142021,-0.07661438,0,1.692566,0
1,1.692566,0,10.51056,0,0,1.726143,-0.09690857,0,0,2.140973,-0.09690857,0.5,2.865633,0
1,2.865633,0,9.366216,0,0,1.727448,-0.09690857,0,0,2.139668,-0.09690857,1,2.776555,0
1,2.776555,0,7.96692,0,0,1.73028,-0.09690857,0,0,2.136836,-0.09690857,1.5,3.313488,0
1,3.313488,0,6.35931,0,0,1.732378,-0.09690857,0,0,2.134738,-0.09690857,2,3.556604,0
1,3.556604,0,4.605953,0,0,1.73587,-0.09690857,0,0,2.131245,-0.09690857,2.5,3.816245,0
1,3.816245,0,2.849276,0,0,1.738254,-0.09690857,0,0,2.128861,-0.09690857,3,3.526256,0
1,3.526256,0,1.051073,0,0,1.742006,-0.09690857,0,0,2.125109,-0.09690857,3.5,3.114805,-21.32297
1,3.114805,-21.32297,0.681213,0,0,1.871199,-8.067398,0,0,2.034567,-8.067383,4,2.827345,-18.78901
1,2.827345,-18.78901,2.034145,2.016755,-49.32498,0,0,0,0,1.326429,-49.32646,4.5,2.53098,-12.55382
1,2.53098,-12.55382,3.152322,2.494399,-16.2166,2.416465,-16.21545,0,0,0.9660432,-16.21541,5,0,0
1,0.5537803,-16.14345,11.0681,0,0,1.81743,-24.84518,0,0,0,0,0,1.422345,-8.697478
1,1.422345,-8.697478,10.59817,0,0,1.676292,-20.13829,0,0,0,0,0.5,2.982831,-9.939988
1,2.982831,-9.939988,9.590683,0,0,1.350385,-16.0087,0,0,2.672743,-16.00871,1,3.096091,0
1,3.096091,0,8.020635,0,0,1.226885,-1.524048,0,0,2.641593,-1.523788,1.5,2.917424,0
1,2.917424,0,6.546228,0,0,1.200571,-1.437073,0,0,2.667756,-1.43721,2,3.566411,0
1,3.566411,0,4.968215,0,0,1.169549,-1.443192,0,0,2.698789,-1.443192,2.5,3.29032,0
1,3.29032,0,3.291098,0,0,1.153873,-0.8386078,0,0,2.713652,-0.8386078,3,3.283346,0
1,3.283346,0,1.728057,0,0,1.177335,-0.9825897,0,0,2.690344,-0.9827728,3.5,2.923853,-22.35929
1,2.923853,-22.35929,0.5854353,0,0,1.352265,-9.848038,0,0,2.572684,-9.84816,4,2.639477,-25
1,2.639477,-25,1.171632,0,0,2.231435,-31.09988,0,0,2.284802,-31.09987,4.5,2.421916,-15.08614
1,2.421916,-15.08614,2.187987,2.556154,-63.99679,2.716606,-26.00224,0,0,1.452205,-63.99772,5,2.214377,-7.67
1,2.214377,-7.67,3.113028,0,0,1.003235,-9.380051,0,0,0.9496639,-9.37999,5.5,0,0
1,0.6277196,-8.66087,11.06701,0,0,1.837156,-25.8559,0,0,0,0,0,0.9840053,-16.2695
1,0.9840053,-16.2695,10.65304,0,0,1.621404,-18.99744,0,0,0,0,0.5,0.9185883,-7.556041
1,0.9185883,-7.556041,10.19125,0,0,1.509209,-15.38167,0,0,2.501565,-15.38171,1,1.659165,-13.6675
1,1.659165,-13.6675,9.489324,0,0,1.312275,-12.87659,0,0,2.654596,-12.8768,1.5,2.138026,0
1,2.138026,0,8.651571,0,0,1.269532,-4.959152,0,0,2.612109,-4.959229,2,3.316285,-8.67348
1,3.316285,-8.67348,7.299714,0,0,1.152521,-3.413803,0,0,2.721464,-3.413803,2.5,3.493337,0
1,3.493337,0,5.670087,0,0,1.149165,-0.614212,0,0,2.718168,-0.614212,3,3.215463,-9.900783
1,3.215463,-9.900783,4.018378,0,0,1.136081,-0.2246857,0,0,2.73106,-0.2246857,3.5,2.96117,0
1,2.96117,0,2.498657,0,0,1.237806,-4.3405,0,0,2.640427,-4.340317,4,2.713993,-4.985042
1,2.713993,-4.985042,1.130245,0,0,1.46458,-9.278595,0,0,2.453799,-9.278671,4.5,2.431115,-23.62688
1,2.431115,-23.62688,0.3862262,0,0,1.732328,-13.65315,0,0,2.247237,-13.65323,5,2.180222,-25
1,2.180222,-25,1.30316,2.192332,-42.12889,0,0,0,0,1.793734,-42.12878,5.5,1.988592,-16.30248
1,1.988592,-16.30248,2.221828,2.462007,-59.7626,2.964038,-30.23747,0,0,1.159259,-59.76252,6,1.826955,-9.863476
1,1.826955,-9.863476,3.105219,2.171155,-19.02274,0.9403484,-19.02319,0,0,1.097897,-19.02319,6.5,0,0
1,0.8437583,-8.697553,11.05303,0,0,1.857726,-25.82117,0,0,0,0,0,1.60188,-21.27068
1,1.60188,-21.27068,10.40097,0,0,1.576967,-16.4136,0,0,0,0,0.5,1.740652,-13.74914
1,1.740652,-13.74914,9.534663,0,0,1.531226,-3.192123,0,0,2.341894,-3.192368,1,1.940924,0
1,1.940924,0,8.693946,0,0,1.686921,-6.938171,0,0,2.208717,-6.938141,1.5,3.20926,0
1,3.20926,0,7.36413,0,0,1.752317,-3.799927,0,0,2.123314,-3.799927,2,4.132823,1.238539
1,4.132823,1.238539,5.489758,0,0,1.782786,-1.499466,0,0,2.085651,-1.499588,2.5,3.79288,0
1,3.79288,0,3.523417,0,0,1.693177,-1.25679,0,0,2.174865,-1.256943,3,3.496126,0
1,3.496126,0,1.722167,0,0,1.72284,-0.3784485,0,0,2.144355,-0.3784485,3.5,3.182473,-14.96096
1,3.182473,-14.96096,0.2956831,0,0,1.745962,-2.534973,0,0,2.124937,-2.535126,4,2.832502,-17.5449
1,2.832502,-17.5449,1.415626,2.584775,-56.18625,2.954239,-33.81364,0,0,1.700152,-33.81357,4.5,2.53487,-25
1,2.53487,-25,2.595448,1.973478,-57.63074,2.81488,-32.36913,0,0,1.034104,-32.36917,5,1.90308,-5.120097
1,1.90308,-5.120097,3.569856,0,0,0.8985475,-4.11409,0,0,1.033359,-4.11409,5.5,0,0
1,0.641003,-19.8765,11.07156,0,0,1.821508,-24.85722,0,0,0,0,0,1.06105,-7.508216
1,1.06105,-7.508216,10.68244,0,0,1.685,-21.95602,0,0,0,0,0.5,1.673139,-19.79993
1,1.673139,-19.79993,9.927466,0,0,1.40943,-14.67709,0,0,2.588124,-14.6772,1,1.509316,-16.35737
1,1.509316,-16.35737,9.140529,0,0,1.385231,-2.715118,0,0,2.486225,-2.715195,1.5,2.44451,0
1,2.44451,0,8.188027,0,0,1.540582,-5.396408,0,0,2.343745,-5.396439,2,3.309785,1.208085
1,3.309785,1.208085,6.718106,0,0,1.617832,-3.356613,0,0,2.255924,-3.356537,2.5,3.729201,0
1,3.729201,0,5.055126,0,0,1.572278,-0.7656555,0,0,2.295177,-0.7653961,3,3.554307,0
1,3.554307,0,3.272718,0,0,1.552798,-0.7659149,0,0,2.314657,-0.7656555,3.5,3.873893,0
1,3.873893,0,1.354392,0,0,1.522001,-0.7656555,0,0,2.345454,-0.7659149,4,3.409523,-25
1,3.409523,-25,0.5718428,0,0,1.643743,-8.158051,0,0,2.262906,-8.158081,4.5,3.076172,-25
1,3.076172,-25,1.93965,2.035137,-52.03415,0,0,0,0,1.529306,-52.03519,5,2.846885,-5.178691
1,2.846885,-5.178691,3.156035,0,0,2.367777,-11.89468,0,0,0.9514355,-11.89474,5.5,0,0
1,0.5517668,3.750268,11.04114,0,0,0,0,0,0,2.396089,-33.73866,0,0.8939475,8.700621
1,0.8939475,8.700621,10.70101,0,0,0,0,0,0,2.173384,-31.258,0.5,0.9102127,25
1,0.9102127,25,10.29776,0,0,2.370548,-23.30463,0,0,1.840087,-23.30457,1,1.881904,15.08764
1,1.881904,15.08764,9.524909,0,0,2.281955,-11.83134,0,0,1.669093,-11.83107,1.5,2.116402,3.737074
1,2.116402,3.737074,8.456197,0,0,2.249274,-1.487656,0,0,1.619141,-1.487656,2,2.785144,0
1,2.785144,0,7.22388,0,0,2.257267,-0.8365021,0,0,1.610256,-0.836731,2.5,3.197287,0
1,3.197287,0,5.621626,0,0,2.284636,-0.8365021,0,0,1.582886,-0.8365021,3,3.604358,0
1,3.604358,0,3.864999,0,0,2.30502,-0.8362732,0,0,1.562502,-0.8365021,3.5,3.701926,0
1,3.701926,0,2.137519,0,0,2.335976,-0.8365021,0,0,1.531546,-0.8365021,4,3.408238,-9.958246
1,3.408238,-9.958246,0.6191203,0,0,2.357226,-0.861618,0,0,1.510321,-0.8613892,4.5,3.012853,-25
1,3.012853,-25,1.589928,2.111075,-62.56166,0,0,0,0,1.066958,-27.43892,5,2.71758,-25
1,2.71758,-25,2.951371,1.581656,-55.25573,0,0,0,0,1.248057,-34.74265,5.5,0,0
1,0.4291438,22.35287,11.04783,0,0,0,0,0,0,2.418496,-32.25146,0,0.8851671,22.52785
1,0.8851671,22.52785,10.74352,0,0,0,0,0,0,2.156067,-26.09032,0.5,1.872577,19.98335
1,1.872577,19.98335,10.03087,0,0,2.124422,-17.21451,0,0,1.924044,-17.21448,1,2.161332,0.1112645
1,2.161332,0.1112645,9.015263,0,0,2.111662,-4.844193,0,0,1.76931,-4.844116,1.5,2.048972,2.477172
1,2.048972,2.477172,7.952997,0,0,2.153709,-2.892792,0,0,1.718336,-2.892792,2,2.772673,0
1,2.772673,0,6.759206,0,0,2.111377,-1.832062,0,0,1.757711,-1.832062,2.5,3.155654,0
1,3.155654,0,5.211617,0,0,2.072212,-1.841537,0,0,1.796896,-1.841537,3,3.596644,0
1,3.596644,0,3.447023,0,0,2.005643,-1.841644,0,0,1.863465,-1.841644,3.5,3.323385,0
1,3.323385,0,1.732132,0,0,1.960607,-1.841644,0,0,1.908502,-1.841431,4,2.994123,-21.1029
1,2.994123,-21.1029,0.3205073,0,0,1.976791,-3.953537,0,0,1.899546,-3.953537,4.5,2.704478,-16.37041
1,2.704478,-16.37041,1.366536,2.77766,-60.17561,2.894917,-29.82426,0,0,1.562566,-29.8243,5,2.413676,-21.24968
1,2.413676,-21.24968,2.552594,2.456408,-63.03969,0,0,0,0,0.9124598,-26.95905,5.5,1.922642,-7.605061
1,1.922642,-7.605061,3.517503,0,0,1.032444,-7.210205,0,0,0.9098431,-7.210114,6,0,0
1,0.6052733,23.65144,11.03643,0,0,0,0,0,0,2.377895,-32.3264,0,1.164655,18.77672
1,1.164655,18.77672,10.63616,0,0,0,0,0,0,2.145146,-28.07394,0.5,2.25527,18.74467
1,2.25527,18.74467,9.801054,0,0,2.22553,-13.12878,0,0,1.745371,-13.12859,1,2.304507,0
1,2.304507,0,8.615113,0,0,2.158041,-0.5821533,0,0,1.709269,-0.5821533,1.5,2.180965,0
1,2.180965,0,7.512355,0,0,2.165397,-0.9705505,0,0,1.702268,-0.9705505,2,3.162576,0
1,3.162576,0,6.096778,0,0,2.183939,-0.9711609,0,0,1.683726,-0.9711609,2.5,3.305095,0
1,3.305095,0,4.405545,0,0,2.217882,-0.9713593,0,0,1.649784,-0.9713593,3,3.424479,0
1,3.424479,0,2.746578,0,0,2.240371,-0.9711609,0,0,1.627295,-0.9713593,3.5,3.164305,0
1,3.164305,0,1.161782,0,0,2.274193,-0.9713593,0,0,1.593473,-0.9713593,4,2.855814,-21.11283
1,2.855814,-21.11283,0.7019601,0,0,2.320107,-2.981369,0,0,1.552245,-2.981369,4.5,2.540771,-25
1,2.540771,-25,1.971655,1.543764,-37.80283,0,0,0,0,1.153744,-52.19505,5,2.291236,-25
1,2.291236,-25,3.072287,1.621347,-61.31798,0,0,0,0,1.309452,-28.68011,5.5,0,0
1,0.7199005,0,11.03808,0,0,0,0,0,0,2.440716,-33.78099,0,1.375219,4.934166
1,1.375219,4.934166,10.56069,0,0,0,0,0,0,2.005618,-30.56863,0.5,2.357207,17.54501
1,2.357207,17.54501,9.723207,0,0,2.544215,-21.95245,0,0,1.625203,-21.95239,1,2.248575,3.907761
1,2.248575,3.907761,8.579085,0,0,2.437577,-1.950531,0,0,1.431776,-1.950531,1.5,2.867546,0
1,2.867546,0,7.231581,0,0,2.447547,-1.014145,0,0,1.420169,-1.014145,2,3.338183,0
1,3.338183,0,5.557512,0,0,2.433663,-1.424637,0,0,1.434643,-1.424774,2.5,3.063888,2.445794
1,3.063888,2.445794,3.96474,0,0,2.381945,-3.425598,0,0,1.492088,-3.425476,3,3.508223,0
1,3.508223,0,2.363583,0,0,2.152719,-6.748978,0,0,1.741375,-6.748886,3.5,3.141258,-22.3447
1,3.141258,-22.3447,0.7513456,0,0,2.02741,-2.879974,0,0,1.844592,-2.879761,4,2.830133,-21.23262
1,2.830133,-21.23262,1.079595,2.46715,-60.70255,0,0,0,0,1.354724,-29.2971,4.5,2.57251,-23.75834
1,2.57251,-23.75834,2.403631,2.109656,-49.55779,0,0,0,0,0.7338616,-40.4426,5,2.319168,-5.119968
1,2.319168,-5.119968,3.519469,0,0,1.022228,-11.43051,0,0,0.9436934,-11.4305,5.5,0,0
1,0.6547284,12.4369,11.03259,0,0,0,0,0,0,2.465863,-33.82393,0,1.187619,14.96008
1,1.187619,14.96008,10.58891,0,0,0,0,0,0,2.092188,-25.93115,0.5,1.980407,8.866529
1,1.980407,8.866529,9.823408,0,0,2.152236,-15.68422,0,0,1.864431,-15.6842,1,2.40442,1.430475
1,2.40442,1.430475,8.707497,0,0,2.012991,-4.052322,0,0,1.863811,-4.052261,1.5,2.213074,6.18317
1,2.213074,6.18317,7.563252,0,0,1.904105,-6.049713,0,0,1.984662,-6.049667,2,3.153907,0
1,3.153907,0,6.293324,0,0,1.715547,-7.681427,0,0,2.186579,-7.681473,2.5,3.090422,-5.067334
1,3.090422,-5.067334,4.69668,0,0,1.607592,-2.218414,0,0,2.262418,-2.218414,3,2.854545,0
1,2.854545,0,3.219076,0,0,1.652504,-1.321304,0,0,2.215634,-1.320999,3.5,3.543375,0
1,3.543375,0,1.631944,0,0,1.694239,-88.67822,0,0,2.188299,-1.321747,4,3.180418,-16.15077
1,3.180418,-16.15077,0.2877822,0,0,1.855401,-9.081955,0,0,2.060808,-9.082016,4.5,2.862489,-22.49699
1,2.862489,-22.49699,1.569556,2.5432,-55.9533,2.979897,-34.04642,0,0,1.687235,-34.04642,5,2.600182,-18.85549
1,2.600182,-18.85549,2.815085,2.72435,-22.56516,0,0,0,0,0.907353,-22.56352,5.5,0,0
1,0.4276906,17.57003,11.04453,0,0,0,0,0,0,2.418544,-32.64029,0,1.080805,21.27247
1,1.080805,21.27247,10.71061,0,0,0,0,0,0,2.133453,-25.43274,0.5,2.303588,20.04966
1,2.303588,20.04966,9.924026,0,0,2.160287,-17.22888,0,0,1.888498,-17.22899,1,2.781171,4.932021
1,2.781171,4.932021,8.623703,0,0,2.106277,-2.300598,0,0,1.763953,-2.300598,1.5,2.645024,7.425398
1,2.645024,7.425398,7.262516,0,0,2.101921,-0.4524078,0,0,1.765309,-0.4524078,2,3.015902,0
1,3.015902,0,5.758077,0,0,1.989296,-4.090881,0,0,1.887692,-4.09079,2.5,3.227849,0
1,3.227849,0,4.167053,0,0,1.898913,-4.094055,0,0,1.978091,-4.094055,3,2.970421,0
1,2.970421,0,2.629899,0,0,1.833697,-1.118896,0,0,2.034151,-1.118896,3.5,2.744742,0
1,2.744742,0,1.225731,0,0,1.811281,-1.11293,0,0,2.056559,-1.11293,4,2.501035,-16.16248
1,2.501035,-16.16248,0.3212136,0,0,1.805616,-1.150452,0,0,2.062275,-1.150299,4.5,2.306383,-25
1,2.306383,-25,1.262231,0,0,2.305013,-21.04233,0,0,1.8384,-21.04233,5,2.622847,-25
1,2.622847,-25,2.442134,1.582994,-57.53151,2.572943,-32.46825,0,0,1.276735,-32.46825,5.5,2.415078,-7.635798
1,2.415078,-7.635798,3.414291,2.107935,-8.672775,0.7294444,-8.673004,0,0,1.219774,-8.672974,6,0,0
1,0.6310946,22.36498,11.03787,0,0,0,0,0,0,2.410765,-32.86819,0,1.170929,12.55005
1,1.170929,12.55005,10.60993,0,0,0,0,0,0,2.16336,-26.32309,0.5,2.035461,16.10666
1,2.035461,16.10666,9.877094,0,0,2.140268,-13.71008,0,0,1.840258,-13.71005,1,2.780968,12.3244
1,2.780968,12.3244,8.752786,0,0,2.138415,-5.951828,0,0,1.749654,-5.951904,1.5,3.147395,0
1,3.147395,0,7.175994,0,0,2.039377,-2.550903,0,0,1.831568,-2.550827,2,3.875383,6.143869
1,3.875383,6.143869,5.307777,0,0,1.976159,-2.554749,0,0,1.894799,-2.554657,2.5,3.540033,-8.664745
1,3.540033,-8.664745,3.464714,0,0,1.805157,-2.955521,0,0,2.067106,-2.955582,3,3.271676,0
1,3.271676,0,1.778509,0,0,1.90272,-3.32843,0,0,1.970924,-3.328369,3.5,3.022927,-1.218625
1,3.022927,-1.218625,0.355615,0,0,2.015399,-3.34726,0,0,1.85832,-3.34726,4,2.659762,-25
1,2.659762,-25,1.291468,0,0,2.286476,-13.53148,0,0,1.691048,-13.53151,4.5,2.39945,-25
1,2.39945,-25,2.454498,1.417388,-50.63268,2.871531,-39.36604,0,0,1.32961,-39.36603,5,2.163167,-25
1,2.163167,-25,3.36782,2.287652,-73.12372,0.6938495,-16.87621,0,0,1.319649,-16.87621,5.5,0,0
1,0.5270835,18.63619,11.03815,0,0,0,0,0,0,2.441483,-33.87216,0,1.186792,25
1,1.186792,25,10.65671,0,0,0,0,0,0,2.100434,-25.19139,0.5,2.247769,20.05145
1,2.247769,20.05145,9.746608,0,0,2.095768,-12.44975,0,0,1.864465,-12.44974,1,2.595125,0
1,2.595125,0,8.480061,0,0,1.897732,-7.339951,0,0,2.00133,-7.339996,1.5,2.556038,-1.242492
1,2.556038,-1.242492,7.167858,0,0,1.759617,-7.10199,0,0,2.137393,-7.101913,2,3.21846,0
1,3.21846,0,5.826427,0,0,1.630054,-4.848526,0,0,2.250944,-4.848526,2.5,3.248797,0
1,3.248797,0,4.157607,0,0,1.592269,-0.2776489,0,0,2.274887,-0.2776489,3,3.662307,0
1,3.662307,0,2.362343,0,0,1.621822,-0.7241516,0,0,2.245597,-0.7244263,3.5,3.38406,0
1,3.38406,0,0.6896207,0,0,1.639849,-0.7241516,0,0,2.22757,-0.7244263,4,2.97635,-25
1,2.97635,-25,0.9852622,0,0,2.118796,-20.13133,0,0,1.999944,-20.13135,4.5,2.685455,-25
1,2.685455,-25,2.186636,1.602495,-47.72284,0,0,0,0,1.555258,-47.72308,5,2.462895,-11.34895
1,2.462895,-11.34895,3.161735,0,0,0.7918686,-6.254868,0,0,1.1466,-6.254791,5.5,0,0
1,0.5124925,25,11.04044,0,0,0,0,0,0,2.395091,-32.10719,0,1.17808,12.57495
1,1.17808,12.57495,10.63695,0,0,0,0,0,0,2.171457,-25.72685,0.5,1.964088,8.877557
1,1.964088,8.877557,9.838641,0,0,2.067826,-10.60127,0,0,1.866437,-10.60133,1,2.363555,0
1,2.363555,0,8.699545,0,0,2.007308,-0.3779297,0,0,1.859886,-0.3784485,1.5,2.756117,0
1,2.756117,0,7.394164,0,0,1.960281,-1.460846,0,0,1.908087,-1.460846,2,3.088162,0
1,3.088162,0,5.878239,0,0,1.930089,-1.460846,0,0,1.938278,-1.460724,2.5,3.225811,0
1,3.225811,0,4.346758,0,0,1.883167,-1.460846,0,0,1.985201,-1.460724,3,2.980529,-1.275035
1,2.980529,-1.275035,2.804749,0,0,1.851025,-1.460846,0,0,2.017343,-1.460846,3.5,2.734506,0
1,2.734506,0,1.398962,0,0,1.918141,-3.410599,0,0,1.955832,-3.410645,4,2.480298,-18.63167
1,2.480298,-18.63167,0.3245145,0,0,1.98859,-3.944626,0,0,1.887703,-3.944656,4.5,2.216529,-20.04005
1,2.216529,-20.04005,1.212804,2.613536,-59.82342,2.983536,-30.17644,0,0,1.489793,-30.17647,5,2.006871,-19.99935
1,2.006871,-19.99935,2.216584,2.04231,-48.75301,0,0,0,0,0.9438854,-48.75467,5.5,1.799995,-20.04959
1,1.799995,-20.04959,3.044334,0,0,1.078889,-14.7571,0,0,0.9137701,-14.75702,6,0,0
1,0.4828032,25,11.04987,0,0,0,0,0,0,2.365458,-29.30876,0,1.108391,15.05999
1,1.108391,15.05999,10.6715,0,0,0,0,0,0,2.176811,-23.05934,0.5,2.150176,10.03592
1,2.150176,10.03592,9.856297,0,0,1.950098,-6.857483,0,0,1.944876,-6.857407,1,2.558401,1.392813
1,2.558401,1.392813,8.673372,0,0,1.850939,-5.492432,0,0,2.034008,-5.492615,1.5,2.342348,0
1,2.342348,0,7.461489,0,0,1.68135,-3.71936,0,0,2.193923,-3.719299,2,2.224532,0
1,2.224532,0,6.341624,0,0,1.658185,-0.9153595,0,0,2.209418,-0.9151459,2.5,3.003974,0
1,3.003974,0,4.922303,0,0,1.641204,-0.6752167,0,0,2.226175,-0.6754913,3,2.992007,0
1,2.992007,0,3.448369,0,0,1.627291,-0.6752167,0,0,2.240088,-0.6749268,3.5,3.006918,0
1,3.006918,0,2.01829,0,0,1.606646,-0.6752167,0,0,2.260733,-0.6749268,4,2.760449,-13.72841
1,2.760449,-13.72841,0.6690019,0,0,1.594691,-0.4747772,0,0,2.272552,-0.4747772,4.5,2.443693,-25
1,2.443693,-25,0.7339513,0,0,2.317524,-25.32622,0,0,1.960789,-25.32617,5,2.218361,-23.78576
1,2.218361,-23.78576,1.782579,2.151739,-46.82198,0,0,0,0,1.55214,-46.82237,5.5,2.010491,-17.54498
1,2.010491,-17.54498,2.691953,2.536859,-16.40048,2.496857,-16.39841,0,0,0.8888393,-16.39838,6,1.698537,0
1,1.698537,0,3.476296,0,0,1.097568,-2.219284,0,0,0.8308079,-2.219284,6.5,0,0
1,0.6199834,1.233984,11.03121,0,0,0,0,0,0,2.449791,-33.68927,0,1.387904,13.65079
1,1.387904,13.65079,10.57289,0,0,0,0,0,0,2.086942,-28.52414,0.5,2.003945,6.370872
1,2.003945,6.370872,9.703024,0,0,2.274122,-17.16382,0,0,1.773239,-17.16385,1,2.483406,0
1,2.483406,0,8.521283,0,0,2.221715,-1.548508,0,0,1.646809,-1.548386,1.5,3.373993,0
1,3.373993,0,7.027442,0,0,2.184914,-3.178726,0,0,1.688155,-3.178726,2,3.101635,-2.53426
1,3.101635,-2.53426,5.424284,0,0,1.980209,-7.776962,0,0,1.9228,-7.776978,2.5,2.838166,-7.495831
1,2.838166,-7.495831,3.949772,0,0,1.867192,-4.004089,0,0,2.009381,-4.004181,3,3.140281,0
1,3.140281,0,2.464528,0,0,1.82442,-1.123611,0,0,2.043434,-1.123611,3.5,2.9017,0
1,2.9017,0,0.9886071,0,0,1.80024,-1.122742,0,0,2.067613,-1.122391,4,2.589349,-24.84996
1,2.589349,-24.84996,0.5116903,0,0,1.82921,-3.648514,0,0,2.045756,-3.648407,4.5,2.323913,-25
1,2.323913,-25,1.590209,0,0,2.54529,-26.48688,0,0,1.775328,-26.48683,5,2.095075,-25
1,2.095075,-25,2.53204,1.715007,-59.24773,2.557523,-30.7529,0,0,1.221868,-30.75294,5.5,1.926673,-7.605458
1,1.926673,-7.605458,3.302698,2.275923,-11.11337,0.7882649,-11.11354,0,0,1.175489,-11.11351,6,0,0
1,0.7319799,0,11.03325,0,0,0,0,0,0,2.390879,-33.6926,0,1.410849,14.80794
1,1.410849,14.80794,10.52458,0,0,0,0,0,0,2.076669,-30.46616,0.5,1.515863,13.80888
1,1.515863,13.80888,9.80198,0,0,2.367138,-15.43546,0,0,1.644673,-15.43526,1,2.725953,2.578273
1,2.725953,2.578273,8.696677,0,0,2.257794,-0.9819794,0,0,1.609884,-0.9821777,1.5,3.333038,0
1,3.333038,0,7.165495,0,0,2.178256,-1.959244,0,0,1.691116,-1.959244,2,3.072051,0
1,3.072051,0,5.570341,0,0,2.156915,-0.3732452,0,0,1.710277,-0.373764,2.5,2.962861,0
1,2.962861,0,4.095557,0,0,2.148891,-0.2762451,0,0,1.718264,-0.2769623,3,2.935799,0
1,2.935799,0,2.584041,0,0,2.142977,-0.2769623,0,0,1.724179,-0.2769623,3.5,3.067719,0
1,3.067719,0,1.057727,0,0,2.134012,-0.2762451,0,0,1.733144,-0.2769623,4,2.751962,-23.58507
1,2.751962,-23.58507,0.6266747,0,0,2.165241,-2.703339,0,0,1.70618,-2.70343,4.5,2.20683,-25
1,2.20683,-25,1.76536,1.707515,-54.29731,0,0,0,0,1.19529,-35.70383,5,1.987913,-25
1,1.987913,-25,2.720995,1.565805,-56.08336,0,0,0,0,1.269256,-33.91736,5.5,1.78931,-25
1,1.78931,-25,3.476461,0,0,0.7526255,-6.320862,0,0,1.186089,-6.320892,6,0,0
1,0.7346827,12.42495,11.02806,0,0,0,0,0,0,2.440501,-33.98006,0,1.644025,15.06003
1,1.644025,15.06003,10.48929,0,0,0,0,0,0,1.988253,-22.74033,0.5,2.98022,12.61237
1,2.98022,12.61237,9.33707,0,0,2.098232,-5.786728,0,0,1.788686,-5.786652,1,3.348153,0
1,3.348153,0,7.763403,0,0,1.92464,-4.078171,0,0,1.952287,-4.078079,1.5,3.083391,0
1,3.083391,0,6.163028,0,0,1.873383,-1.748535,0,0,1.995529,-1.748428,2,3.121287,0
1,3.121287,0,4.580832,0,0,1.816944,-1.711548,0,0,2.051893,-1.71167,2.5,3.252505,0
1,3.252505,0,3.004597,0,0,1.779507,-1.711548,0,0,2.089329,-1.71167,3,3.35749,0
1,3.35749,0,1.409704,0,0,1.721316,-1.71167,0,0,2.14752,-1.71167,3.5,3.010099,-23.65664
1,3.010099,-23.65664,0.3776623,0,0,1.718887,-1.412216,0,0,2.1494,-1.412354,4,2.475375,-25
1,2.475375,-25,1.483475,2.183963,-51.75349,0,0,0,0,1.688576,-38.24637,4.5,2.232628,-25
1,2.232628,-25,2.479718,2.064681,-61.12084,2.647349,-28.87976,0,0,1.06529,-28.87975,5,2.05406,-7.586935
1,2.05406,-7.586935,3.292254,0,0,0.9670546,-0.6954803,0,0,0.960016,-0.6952057,5.5,0,0
1,0.5453559,0,11.03478,0,0,0,0,0,0,2.444201,-33.78789,0,1.392957,19.88596
1,1.392957,19.88596,10.64816,0,0,0,0,0,0,2.136696,-32.57188,0.5,2.438897,25
1,2.438897,25,9.653219,0,0,2.394767,-19.5663,0,0,1.709336,-19.56618,1,2.579165,0
1,2.579165,0,8.354053,0,0,2.174792,-5.532227,0,0,1.710416,-5.532257,1.5,3.414796,0
1,3.414796,0,6.797285,0,0,2.052072,-5.878006,0,0,1.835479,-5.878006,2,3.181549,0
1,3.181549,0,5.150981,0,0,1.853052,-5.019501,0,0,2.028947,-5.019577,2.5,3.176846,0
1,3.176846,0,3.62491,0,0,1.764241,-4.189514,0,0,2.11323,-4.18956,3,3.049785,-8.743141
1,3.049785,-8.743141,2.066288,0,0,1.626554,-4.099442,0,0,2.250476,-4.099503,3.5,2.781739,-11.18248
1,2.781739,-11.18248,0.6670287,0,0,1.684139,-3.06636,0,0,2.188516,-3.066437,4,2.454483,-25
1,2.454483,-25,0.743619,0,0,2.412787,-25.63173,0,0,1.876411,-25.63171,4.5,2.255516,-16.31641
1,2.255516,-16.31641,1.85649,2.440639,-47.33151,0,0,0,0,1.424598,-47.33286,5,2.000202,-25
1,2.000202,-25,2.814422,0,0,2.629879,-18.90869,0,0,0.8033268,-18.90868,5.5,0,0
1,0.6614219,0,11.05832,0,0,1.724997,-0.04846191,0,0,2.142115,-0.04846191,0,1.929569,0
1,1.929569,0,10.4541,0,0,1.725375,-0.05934143,0,0,2.141737,-0.05934143,0.5,2.564188,0
1,2.564188,0,9.278435,0,0,1.726767,-0.05934143,0,0,2.140345,-0.05934143,1,2.582153,0
1,2.582153,0,8.0182,0,0,1.727829,-0.05934143,0,0,2.139283,-0.05934143,1.5,2.950567,0
1,2.950567,0,6.68099,0,0,1.729511,-0.05934143,0,0,2.1376,-0.05934143,2,3.37692,0
1,3.37692,0,5.212512,0,0,1.730734,-0.05934143,0,0,2.136378,-0.05934143,2.5,3.182765,0
1,3.182765,0,3.564731,0,0,1.732823,-0.05934143,0,0,2.134289,-0.05934143,3,3.432429,0
1,3.432429,0,1.850285,0,0,1.734278,-0.05934143,0,0,2.132834,-0.05934143,3.5,3.059907,-24.84497
1,3.059907,-24.84497,0.3485586,0,0,1.878729,-8.773972,0,0,2.034174,-8.773972,4,2.753863,-23.72491
1,2.753863,-23.72491,1.293224,2.545681,-56.24847,2.981019,-33.75125,0,0,1.669985,-33.75131,4.5,2.553882,-9.99269
1,2.553882,-9.99269,2.588175,1.96632,-55.54855,0,0,0,0,0.9878504,-34.44971,5,2.259155,-21.30983
1,2.259155,-21.30983,3.668625,1.789285,-17.42714,0.8501819,-17.42728,0,0,1.169452,-17.42723,5.5,0,0
1,0.4795069,0,11.06184,0,0,1.724961,-0.05934143,0,0,2.142151,-0.05934143,0,1.126575,0
1,1.126575,0,10.67765,0,0,1.724607,-0.08847046,0,0,2.142508,-0.08622742,0.5,2.533205,0
1,2.533205,0,9.826506,0,0,1.723195,-0.08847046,0,0,2.143919,-0.09065247,1,3.02673,0
1,3.02673,0,8.330042,0,0,1.721393,-0.08847046,0,0,2.145721,-0.09065247,1.5,3.386275,0
1,3.386275,0,6.664797,0,0,1.718404,-0.08847046,0,0,2.14871,-0.08622742,2,3.28994,0
1,3.28994,0,4.97502,0,0,1.716327,-0.08847046,0,0,2.150787,-0.08847046,2.5,3.51451,0
1,3.51451,0,3.250418,0,0,1.713192,-0.08847046,0,0,2.153923,-0.08847046,3,3.247493,0
1,3.247493,0,1.583515,0,0,1.711112,-0.08847046,0,0,2.156002,-0.08622742,3.5,2.956378,-16.16318
1,2.956378,-16.16318,0.3192057,0,0,1.754634,-3.526688,0,0,2.119816,-3.526749,4,2.404497,-25
1,2.404497,-25,1.235198,0,0,2.459853,-26.3524,0,0,1.855729,-26.3524,4.5,2.168145,-25
1,2.168145,-25,2.231666,2.078362,-59.69854,2.744541,-30.30174,0,0,1.034538,-59.69825,5,2.323584,-17.55714
1,2.323584,-17.55714,3.16588,0,0,0.9526187,-9.241486,0,0,0.9996502,-9.241455,5.5,0,0
1,0.4204856,0,11.0625,0,0,1.725093,-0.08155823,0,0,2.142021,-0.08155823,0,0.932388,0
1,0.932388,0,10.73693,0,0,1.725574,-0.04423523,0,0,2.141537,-0.04846191,0.5,2.495034,0
1,2.495034,0,9.913277,0,0,1.726025,-0.04846191,0,0,2.141087,-0.04846191,1,3.794377,0
1,3.794377,0,8.236581,0,0,1.727526,-0.04423523,0,0,2.139585,-0.04846191,1.5,3.546812,0
1,3.546812,0,6.415944,0,0,1.728701,-0.04846191,0,0,2.138411,-0.04846191,2,3.439344,0
1,3.439344,0,4.638501,0,0,1.73041,-0.04846191,0,0,2.136702,-0.04846191,2.5,3.591847,0
1,3.591847,0,2.833885,0,0,1.731566,-0.04423523,0,0,2.135546,-0.04846191,3,3.318952,0
1,3.318952,0,1.139975,0,0,1.733232,-0.04423523,0,0,2.133879,-0.04846191,3.5,2.637022,-24.88307
1,2.637022,-24.88307,0.5267535,0,0,1.78241,-3.7565,0,0,2.093029,-3.756439,4,2.364335,-25
1,2.364335,-25,1.606175,2.129527,-51.87875,0,0,0,0,1.638193,-38.12114,4.5,2.131781,-25
1,2.131781,-25,2.550426,1.768313,-59.96406,2.548291,-30.03659,0,0,1.203483,-30.03653,5,1.952825,-11.35134
1,1.952825,-11.35134,3.307462,0,0,0.8339608,-1.975555,0,0,1.094114,-1.975555,5.5,0,0
1,0.6532499,0,11.05334,0,0,1.724922,0,0,0,2.142189,0,0,1.434181,0
1,1.434181,0,10.56052,0,0,1.724775,-0.01979065,0,0,2.142336,-0.02796936,0.5,3.167778,0
1,3.167778,0,9.38649,0,0,1.72422,-0.01979065,0,0,2.142891,-0.02796936,1,3.224342,0
1,3.224342,0,7.740269,0,0,1.723617,-0.02796936,0,0,2.143493,-0.02796936,1.5,4.085564,0
1,4.085564,0,5.825447,0,0,1.722625,-0.02796936,0,0,2.144485,-0.02796936,2,3.816444,0
1,3.816444,0,3.84853,0,0,1.721899,-0.02796936,0,0,2.145212,-0.02796936,2.5,3.595428,0
1,3.595428,0,2.027886,0,0,1.72089,-0.02796936,0,0,2.146221,-0.02796936,3,2.882429,-24.85004
1,2.882429,-24.85004,0.4545591,0,0,1.767223,-3.62088,0,0,2.107625,-3.620941,3.5,2.591565,-23.75751
1,2.591565,-23.75751,1.100877,2.650117,-39.10432,0,0,0,0,1.585487,-39.10419,4,2.405732,-6.185147
1,2.405732,-6.185147,2.33116,2.367429,-51.72388,0,0,0,0,0.6522536,-51.7235,4.5,2.180884,-18.51614
1,2.180884,-18.51614,3.454814,1.657128,-62.51074,0.862238,-27.48935,0,0,1.309937,-27.48936,5,0,0
1,0.5744036,0,11.06053,0,0,1.725033,-0.1027832,0,0,2.142083,-0.1008759,0,1.767987,0
1,1.767987,0,10.5157,0,0,1.726112,-0.1281891,0,0,2.141007,-0.1266632,0.5,2.201615,0
1,2.201615,0,9.455825,0,0,1.714895,-1.113998,0,0,2.152947,-1.113815,1,2.762612,0
1,2.762612,0,8.107881,0,0,1.653341,-2.083649,0,0,2.216327,-2.083557,1.5,2.79706,0
1,2.79706,0,6.721154,0,0,1.61323,-2.083649,0,0,2.256439,-2.083557,2,3.244118,0
1,3.244118,0,5.254457,0,0,1.550797,-2.083466,0,0,2.318871,-2.083557,2.5,2.992718,0
1,2.992718,0,3.711885,0,0,1.510563,-1.446716,0,0,2.35778,-1.446854,3,3.105964,0
1,3.105964,0,2.199201,0,0,1.478116,-1.076477,0,0,2.389677,-1.076477,3.5,2.835628,-14.87432
1,2.835628,-14.87432,0.8290542,0,0,1.45517,-1.076294,0,0,2.412622,-1.076096,4,2.52443,-25
1,2.52443,-25,0.6519837,0,0,1.942219,-19.07666,0,0,2.149607,-19.07671,4.5,2.301938,-20.05065
1,2.301938,-20.05065,1.693833,2.139342,-41.59982,0,0,0,0,1.82915,-41.59979,5,2.096708,-5.099769
1,2.096708,-5.099769,2.637901,2.756253,-67.80636,0,0,0,0,0.9567253,-22.19348,5.5,1.874654,-25
1,1.874654,-25,3.509653,1.998145,-14.03165,0.8805454,-14.03191,0,0,1.10565,-14.03188,6,0,0
1,0.8281397,8.798693,10.98663,0,0,0,0,2.668435,-45.53387,2.799535,-44.46606,0,2.239743,20.02994
1,2.239743,20.02994,10.36152,0,0,0,0,0,0,1.951976,-34.6151,0.5,2.666829,17.54507
1,2.666829,17.54507,9.077944,0,0,2.609713,-15.50504,0,0,1.403448,-15.50507,1,2.74894,0
1,2.74894,0,7.756413,0,0,2.517286,-1.007751,0,0,1.350422,-1.007751,1.5,3.216429,0
1,3.216429,0,6.310545,0,0,2.536584,-1.003265,0,0,1.331119,-1.003265,2,2.954381,0
1,2.954381,0,4.778824,0,0,2.482719,-3.100266,0,0,1.390059,-3.100342,2.5,3.476834,0
1,3.476834,0,3.283376,0,0,2.367911,-6.845215,0,0,1.526963,-6.845215,3,3.337942,-6.15362
1,3.337942,-6.15362,1.559075,0,0,2.120577,-6.330597,0,0,1.770258,-6.330597,3.5,1.072472,-3.780007
1,1.072472,-3.780007,0.4381265,0,0,2.049744,-3.239487,0,0,1.823556,-3.23941,4,1.682511,-25
1,1.682511,-25,0.4773231,0,0,2.160249,-6.773209,0,0,1.734041,-6.773254,4.5,1.745732,-25
1,1.745732,-25,1.314595,0,0,2.718515,-23.67867,0,0,1.504088,-23.67871,5,1.575394,-25
1,1.575394,-25,2.098775,1.822054,-48.01137,0,0,0,0,0.9565917,-41.98715,5.5,2.007882,-25
1,2.007882,-25,2.987811,2.355647,-66.03199,0,0,0,0,1.061559,-23.96616,6,0,0
1,0.7713327,25,10.99224,0,0,0,0,2.595889,-44.57109,2.875311,-45.42894,0,1.044245,25
1,1.044245,25,10.57452,0,0,0,0,0,0,2.167373,-33.63615,0.5,1.151002,23.72549
1,1.151002,23.72549,10.04309,0,0,2.368298,-23.73392,0,0,1.856091,-23.73384,1,1.657842,15.06266
1,1.657842,15.06266,9.301311,0,0,2.203506,-5.639099,0,0,1.68241,-5.638992,1.5,2.059976,2.634985
1,2.059976,2.634985,8.368556,0,0,2.068571,-7.975601,0,0,1.83631,-7.975632,2,2.151779,-7.48162
1,2.151779,-7.48162,7.280941,0,0,1.787734,-10.09917,0,0,2.140238,-10.09914,2.5,2.669259,-1.212771
1,2.669259,-1.212771,6.034275,0,0,1.692529,-6.272385,0,0,2.19787,-6.272354,3,2.454268,-2.550164
1,2.454268,-2.550164,4.768954,0,0,1.568993,-3.666336,0,0,2.306047,-3.66629,3.5,2.786832,0
1,2.786832,0,3.533319,0,0,1.546233,-1.251633,0,0,2.321801,-1.251785,4,2.563209,0
1,2.563209,0,2.215968,0,0,1.539421,-0.981781,0,0,2.328256,-0.9815826,4.5,2.356779,0
1,2.356779,0,1.037985,0,0,0,0,0,0,2.30249,-1.345383,5,2.132851,-19.87875
1,2.132851,-19.87875,0.4188581,0,0,1.618705,-3.025299,0,0,2.253803,-3.025375,5.5,1.895888,-25
1,1.895888,-25,1.098101,0,0,2.049545,-20.08363,0,0,2.06794,-20.08365,6,2.051683,-25
1,2.051683,-25,1.8974,1.76521,-46.93747,0,0,0,0,1.6455,-46.93735,6.5,1.846318,-25
1,1.846318,-25,2.667002,2.29179,-66.01047,2.465727,-23.99042,0,0,1.092582,-23.99042,7,1.70607,-0.2174046
1,1.70607,-0.2174046,3.334228,0,0,0.9472073,-1.012589,0,0,0.9800226,-1.012589,7.5,0,0
1,0.8694416,25,10.98204,0,0,0,0,2.783707,-46.83946,2.691043,-43.16063,0,1.660556,10.03744
1,1.660556,10.03744,10.40688,0,0,0,0,0,0,2.143329,-36.06262,0.5,1.496941,24.85002
1,1.496941,24.85002,9.707235,2.827885,-62.57772,2.889433,-27.42241,0,0,1.467212,-27.42241,1,2.035486,17.49948
1,2.035486,17.49948,8.936088,0,0,2.716543,-13.82082,0,0,1.265867,-13.82085,1.5,1.98585,11.16853
1,1.98585,11.16853,7.916204,0,0,2.624374,-0.7903137,0,0,1.243105,-0.7903137,2,2.522302,0
1,2.522302,0,6.884841,0,0,2.567848,-2.625397,0,0,1.303325,-2.625183,2.5,2.729888,0
1,2.729888,0,5.513509,0,0,2.430302,-7.148438,0,0,1.467103,-7.148438,3,3.15388,0
1,3.15388,0,3.927461,0,0,2.272466,-7.222214,0,0,1.625571,-7.222244,3.5,2.91426,0
1,2.91426,0,2.423675,0,0,2.038182,-7.222244,0,0,1.859856,-7.222244,4,2.680841,0
1,2.680841,0,1.054491,0,0,1.933222,-4.466019,0,0,1.945666,-4.466019,4.5,2.366794,-25
1,2.366794,-25,0.3837879,0,0,2.029253,-8.778854,0,0,1.8837,-8.778809,5,2.134592,-25
1,2.134592,-25,1.40362,2.828805,-60.25574,2.867259,-29.74406,0,0,1.586654,-29.74408,5.5,1.925711,-25
1,1.925711,-25,2.351193,2.109971,-57.20056,0,0,0,0,0.9327443,-32.80064,6,1.735743,-25
1,1.735743,-25,3.139799,2.287895,-16.95592,1.024095,-16.95638,0,0,0.9902623,-16.95625,6.5,0,0
1,0.9256146,13.65126,10.94351,0,0,0,0,2.764627,-41.63873,2.710585,-48.36137,0,1.675768,25
1,1.675768,25,10.37425,0,0,0,0,0,0,1.953341,-38.21394,0.5,1.66514,12.54873
1,1.66514,12.54873,9.567488,0,0,2.664834,-16.13945,0,0,1.360939,-16.13956,1,2.32773,18.78752
1,2.32773,18.78752,8.672867,0,0,2.645259,-7.637573,0,0,1.256466,-7.637573,1.5,3.130406,2.43326
1,3.130406,2.43326,7.248729,0,0,2.443287,-5.323212,0,0,1.440573,-5.323074,2,2.882952,0
1,2.882952,0,5.749911,0,0,2.312605,-5.923706,0,0,1.575266,-5.923706,2.5,3.177019,0
1,3.177019,0,4.276866,0,0,2.190599,-4.040314,0,0,1.686145,-4.040253,3,2.935466,-1.219566
1,2.935466,-1.219566,2.757077,0,0,2.103205,-4.040207,0,0,1.77354,-4.040207,3.5,2.691201,-8.756128
1,2.691201,-8.756128,1.369602,0,0,2.035324,-1.561981,0,0,1.833223,-1.561859,4,2.445014,-13.66854
1,2.445014,-13.66854,0.4377221,0,0,2.188318,-7.010712,0,0,1.707924,-7.01062,4.5,2.17295,-18.74756
1,2.17295,-18.74756,1.313922,2.229338,-32.41652,0,0,0,0,1.267414,-32.41641,5,1.948291,-25
1,1.948291,-25,2.315669,2.046379,-48.62785,0,0,0,0,0.769487,-41.37308,5.5,1.7548,-25
1,1.7548,-25,3.159425,0,0,1.085616,-15.95424,0,0,0.9185082,-15.95424,6,0,0
1,0.8000608,25,10.9814,0,0,0,0,2.70942,-44.53207,2.760134,-45.46806,0,1.889536,25
1,1.889536,25,10.40473,0,0,0,0,0,0,2.189267,-36.69044,0.5,2.353031,25
1,2.353031,25,9.264092,0,0,2.449302,-12.37923,0,0,1.509861,-12.3792,1,2.50585,0
1,2.50585,0,8.11092,0,0,2.293831,-3.101166,0,0,1.578951,-3.100967,1.5,2.418459,0
1,2.418459,0,6.858354,0,0,2.173689,-6.627853,0,0,1.71944,-6.627914,2,3.207574,0
1,3.207574,0,5.442395,0,0,2.033955,-7.553406,0,0,1.867005,-7.553406,2.5,2.952036,-3.658095
1,2.952036,-3.658095,3.920923,0,0,1.78757,-7.057404,0,0,2.109063,-7.057404,3,2.726731,0
1,2.726731,0,2.525106,0,0,1.697935,-4.586853,0,0,2.1816,-4.586929,3.5,2.679912,0
1,2.679912,0,1.2726,0,0,1.569001,-4.584198,0,0,2.31052,-4.584122,4,2.442102,-25
1,2.442102,-25,0.4191765,0,0,1.512673,-1.741257,0,0,2.356225,-1.741135,4.5,2.199262,-25
1,2.199262,-25,1.138502,0,0,2.452043,-30.21893,0,0,2.023217,-30.21889,5,1.984525,-25
1,1.984525,-25,2.037741,1.922945,-48.61362,0,0,0,0,1.616248,-48.614,5.5,2.289042,-18.79206
1,2.289042,-18.79206,2.944206,0,0,2.339296,-11.06921,0,0,0.9702162,-11.0692,6,0,0
1,0.7271333,25,10.98048,0,0,0,0,2.699549,-45.75607,2.768967,-44.24402,0,1.861263,25
1,1.861263,25,10.4131,0,0,0,0,0,0,1.990437,-29.87648,0.5,2.652771,17.50012
1,2.652771,17.50012,9.191471,0,0,2.354679,-12.41905,0,0,1.605087,-12.41911,1,2.442233,6.150476
1,2.442233,6.150476,7.922165,0,0,2.267966,-1.262222,0,0,1.600083,-1.262222,1.5,2.887435,0
1,2.887435,0,6.695527,0,0,2.190186,-4.235687,0,0,1.687516,-4.235687,2,3.987562,0
1,3.987562,0,4.966541,0,0,2.045703,-4.236603,0,0,1.832003,-4.236557,2.5,4.020858,0
1,4.020858,0,2.914941,0,0,1.887313,-7.0242,0,0,2.009042,-7.024277,3,3.684017,-12.43131
1,3.684017,-12.43131,1.076345,0,0,1.594384,-6.00943,0,0,2.294095,-6.00946,3.5,2.918958,-25
1,2.918958,-25,0.6245084,0,0,2.019305,-19.27701,0,0,2.0775,-19.2771,4,2.671059,-20.02994
1,2.671059,-20.02994,1.910528,2.548707,-55.35352,0,0,0,0,1.169695,-55.35578,4.5,2.419668,-20.03372
1,2.419668,-20.03372,3.036862,0,0,2.601986,-14.81787,0,0,0.7576762,-14.81784,5,0,0
1,0.8486719,25,10.98163,0,0,0,0,2.577398,-43.03363,2.906066,-46.96642,0,1.964596,25
1,1.964596,25,10.36474,0,0,0,0,0,0,2.013495,-32.43022,0.5,2.368489,22.52465
1,2.368489,22.52465,9.244685,0,0,2.371114,-12.9955,0,0,1.597645,-12.99544,1,2.528119,-9.932724
1,2.528119,-9.932724,7.980127,0,0,2.118568,-6.93573,0,0,1.777049,-6.935562,1.5,3.01955,0
1,3.01955,0,6.640418,0,0,2.053816,-3.695694,0,0,1.821353,-3.695694,2,3.221457,-0.01748614
1,3.221457,-0.01748614,5.042799,0,0,1.944522,-2.429794,0,0,1.926069,-2.429871,2.5,2.975812,0
1,2.975812,0,3.500393,0,0,1.943049,-0.436554,0,0,1.924173,-0.436554,3,3.26608,0
1,3.26608,0,1.926293,0,0,1.928974,-0.4347687,0,0,1.938248,-0.4343109,3.5,3.00136,-9.976014
1,3.00136,-9.976014,0.44032,0,0,1.919236,-0.4343109,0,0,1.947985,-0.4347687,4,2.639258,-25
1,2.639258,-25,1.113523,0,0,2.514448,-22.71243,0,0,1.67775,-22.71242,4.5,2.406717,-21.23501
1,2.406717,-21.23501,2.287916,1.929807,-47.50328,0,0,0,0,1.157751,-47.50539,5,2.150112,-25
1,2.150112,-25,3.257358,0,0,0.9362115,-13.15149,0,0,1.042621,-13.15154,5.5,0,0
1,0.9338645,25,10.97451,0,0,0,0,2.735763,-45.37875,2.73333,-44.62123,0,2.306416,25
1,2.306416,25,10.24769,0,0,0,0,0,0,2.07569,-33.52208,0.5,3.06898,22.53826
1,3.06898,22.53826,8.794712,0,0,2.323142,-3.683807,0,0,1.551975,-3.683807,1,2.887559,-9.907651
1,2.887559,-9.907651,7.327099,0,0,2.078248,-14.00053,0,0,1.907259,-14.00044,1.5,2.652373,-4.969967
1,2.652373,-4.969967,5.954506,0,0,1.795882,-6.598755,0,0,2.097018,-6.598709,2,3.585769,-6.212533
1,3.585769,-6.212533,4.394605,0,0,1.722263,-4.062775,0,0,2.154589,-4.062775,2.5,3.916057,0
1,3.916057,0,2.637856,0,0,1.706605,-0.6452789,0,0,2.160751,-0.6452789,3,3.680222,-2.475139
1,3.680222,-2.475139,0.7788989,0,0,1.724313,-0.6546173,0,0,2.143049,-0.6549072,3.5,2.823259,-25
1,2.823259,-25,0.8512106,0,0,2.18517,-19.49625,0,0,1.917156,-19.49629,4,2.566329,-18.78749
1,2.566329,-18.78749,2.059026,1.957001,-45.89955,0,0,0,0,1.474083,-45.89983,4.5,2.303218,-25
1,2.303218,-25,3.092489,0,0,0.9568598,-13.15967,0,0,1.022036,-13.15971,5,0,0
1,0.8001948,25,10.97021,0,0,0,0,2.754496,-45.38623,2.714853,-44.61383,0,1.977105,25
1,1.977105,25,10.35035,0,0,0,0,0,0,2.130231,-35.05501,0.5,2.833819,8.852336
1,2.833819,8.852336,9.197277,0,0,2.406389,-11.15082,0,0,1.535132,-11.1508,1,2.814585,4.967274
1,2.814585,4.967274,7.745564,0,0,2.388177,-0.9893188,0,0,1.47951,-0.9895172,1.5,2.585286,7.455006
1,2.585286,7.455006,6.400337,0,0,2.337798,-2.038452,0,0,1.531761,-2.038452,2,2.819932,0
1,2.819932,0,5.007455,0,0,2.222854,-6.29715,0,0,1.667731,-6.297058,2.5,3.024771,0
1,3.024771,0,3.640862,0,0,2.011687,-7.768097,0,0,1.891239,-7.768066,3,2.8844,0
1,2.8844,0,2.15869,0,0,1.853968,-6.659912,0,0,2.039415,-6.659882,3.5,3.141519,-7.439458
1,3.141519,-7.439458,0.7016094,0,0,1.717154,-3.502136,0,0,2.157192,-3.502136,4,2.560624,-25
1,2.560624,-25,0.842629,0,0,1.827237,-6.413437,0,0,2.064229,-6.413315,4.5,2.308932,-25
1,2.308932,-25,1.908866,1.806476,-48.39734,0,0,0,0,1.569457,-41.60245,5,2.08081,-25
1,2.08081,-25,2.794742,1.742273,-63.19276,0,0,0,0,1.278657,-26.80821,5.5,1.917703,-5.123674
1,1.917703,-5.123674,3.51576,0,0,0.7931015,-0.4311371,0,0,1.133882,-0.4306946,6,0,0
1,0.6397488,25,10.99005,0,0,0,0,2.694664,-45.91457,2.773726,-44.08543,0,1.536194,25
1,1.536194,25,10.5233,0,0,0,0,0,0,2.105594,-32.37593,0.5,2.701643,20.0228
1,2.701643,20.0228,9.412467,0,0,2.337875,-15.63472,0,0,1.677818,-15.63477,1,3.167252,0
1,3.167252,0,7.892503,0,0,2.071808,-11.29335,0,0,1.871659,-11.29323,1.5,2.981556,0
1,2.981556,0,6.354241,0,0,1.869874,-5.983398,0,0,2.018419,-5.983337,2,3.026053,0
1,3.026053,0,4.807805,0,0,1.721834,-2.988983,0,0,2.150544,-2.988983,2.5,3.137939,0
1,3.137939,0,3.260581,0,0,1.674417,-2.352676,0,0,2.195956,-2.352676,3,2.899534,0
1,2.899534,0,1.785208,0,0,1.598862,-2.352356,0,0,2.271509,-2.352112,3.5,2.639908,-10.03689
1,2.639908,-10.03689,0.4958389,0,0,1.657036,-4.871338,0,0,2.224094,-4.87146,4,2.35263,-16.3025
1,2.35263,-16.3025,0.8564692,0,0,2.612298,-30.20685,0,0,1.862412,-30.20686,4.5,2.133003,-18.71909
1,2.133003,-18.71909,1.930967,1.945023,-41.89803,0,0,0,0,1.313676,-41.89902,5,1.905024,-25
1,1.905024,-25,2.832217,2.505743,-67.60109,0,0,0,0,1.051459,-22.397,5.5,1.741377,-17.5967
1,1.741377,-17.5967,3.558377,0,0,0.9577253,-4.938522,0,0,0.9763834,-4.938477,6,0,0
1,0.8495457,25,10.967,0,0,0,0,2.689872,-42.54506,2.788333,-47.45505,0,2.054591,21.27258
1,2.054591,21.27258,10.3342,0,0,0,0,0,0,2.122676,-38.02441,0.5,2.661764,13.82411
1,2.661764,13.82411,9.145191,0,0,2.557188,-11.59616,0,0,1.390499,-11.59599,1,2.446467,1.390291
1,2.446467,1.390291,7.875276,0,0,2.459936,-1.705948,0,0,1.40889,-1.705948,1.5,3.055249,0
1,3.055249,0,6.608098,0,0,2.248204,-8.505524,0,0,1.66191,-8.505493,2,3.473625,-1.199934
1,3.473625,-1.199934,4.906391,0,0,2.040884,-9.931427,0,0,1.885057,-9.931427,2.5,3.16585,0
1,3.16585,0,3.266009,0,0,1.84524,-0.4613953,0,0,2.021996,-0.4613953,3,2.91716,0
1,2.91716,0,1.760473,0,0,1.859739,-0.1118927,0,0,2.007379,-0.1118927,3.5,2.686598,-5.001305
1,2.686598,-5.001305,0.4572854,0,0,1.800662,-2.476395,0,0,2.070063,-2.476303,4,2.580167,-25
1,2.580167,-25,0.9261191,0,0,1.934895,-8.651581,0,0,1.976726,-8.651642,4.5,2.588777,-25
1,2.588777,-25,2.140558,1.560231,-45.9926,0,0,0,0,1.36916,-45.99373,5,2.334803,-25
1,2.334803,-25,3.114678,2.268903,-70.31639,0,0,0,0,1.234883,-19.6823,5.5,0,0
1,0.7379594,25,10.98747,0,0,0,0,2.797733,-47.62233,2.682245,-42.37778,0,1.810927,25
1,1.810927,25,10.42928,0,0,0,0,0,0,2.182201,-33.52715,0.5,3.196854,6.398427
1,3.196854,6.398427,9.123022,0,0,2.226197,-5.253555,0,0,1.657226,-5.253555,1,2.921947,6.397504
1,2.921947,6.397504,7.652288,0,0,2.077234,-11.35706,0,0,1.86711,-11.35693,1.5,2.664377,-4.932753
1,2.664377,-4.932753,6.324419,0,0,1.568059,-12.55952,0,0,2.393858,-12.55943,2,3.838159,0
1,3.838159,0,4.75431,0,0,1.352254,-10.27373,0,0,2.577867,-10.27367,2.5,4.578794,0
1,4.578794,0,2.715826,0,0,1.021883,-4.770859,0,0,2.858673,-4.771011,3,3.166439,-25
1,3.166439,-25,1.008978,0,0,0.9752038,-2.423737,0,0,2.895373,-2.423569,3.5,2.873741,-25
1,2.873741,-25,0.7495458,0,0,2.200983,-33.08768,0,0,2.414612,-33.08766,4,2.610868,-21.17079
1,2.610868,-21.17079,1.849887,2.689234,-56.19659,0,0,0,0,1.989414,-56.19641,4.5,2.411216,-3.751779
1,2.411216,-3.751779,2.951145,0,0,1.150972,-12.86687,0,0,0.8254404,-12.86693,5,0,0
1,0.9911271,25,10.97801,0,0,0,0,2.625137,-44.75169,2.844821,-45.24834,0,2.403742,20.0495
1,2.403742,20.0495,10.20856,0,0,2.44764,-26.73975,0,0,1.882543,-26.73979,0.5,2.861771,0.1808505
1,2.861771,0.1808505,8.824412,0,0,2.472204,-12.87802,0,0,1.494686,-12.87802,1,3.340493,2.512671
1,3.340493,2.512671,7.403744,0,0,2.5581,-3.461929,0,0,1.31608,-3.462036,1.5,3.207164,4.919391
1,3.207164,4.919391,5.744267,0,0,2.539197,-1.109238,0,0,1.328639,-1.109421,2,3.595402,0
1,3.595402,0,4.155636,0,0,2.337834,-8.737534,0,0,1.574682,-8.737534,2.5,3.333353,-8.697403
1,3.333353,-8.697403,2.429484,0,0,2.120139,-8.768814,0,0,1.792707,-8.768875,3,3.045057,-8.700715
1,3.045057,-8.700715,0.8840437,0,0,2.057639,-0.9097748,0,0,1.809958,-0.9095764,3.5,2.733273,-18.56921
1,2.733273,-18.56921,0.8173711,0,0,2.305328,-11.09764,0,0,1.635473,-11.0977,4,2.448396,-25
1,2.448396,-25,2.061888,1.70856,-42.14287,0,0,0,0,0.9882366,-47.85507,4.5,2.207858,-25
1,2.207858,-25,3.115835,1.960287,-63.47983,0,0,0,0,1.175319,-26.51898,5,0,0
1,0.7688338,25,10.98672,0,0,0,0,2.664106,-45.7601,2.803481,-44.23988,0,1.461839,25
1,1.461839,25,10.46909,0,0,0,0,0,0,2.060233,-30.78207,0.5,1.574282,13.8175
1,1.574282,13.8175,9.713202,0,0,2.298037,-16.67868,0,0,1.738908,-16.67853,1,2.035312,5.123429
1,2.035312,5.123429,8.823812,0,0,2.155708,-1.259888,0,0,1.712337,-1.260208,1.5,2.526584,0
1,2.526584,0,7.666308,0,0,2.097395,-3.04985,0,0,1.7752,-3.04985,2,2.523932,0
1,2.523932,0,6.371774,0,0,2.014622,-3.050171,0,0,1.857975,-3.050247,2.5,2.690767,0
1,2.690767,0,5.066089,0,0,1.959994,-3.050171,0,0,1.912602,-3.050247,3,2.627187,0
1,2.627187,0,3.755105,0,0,1.875104,-3.050247,0,0,1.997493,-3.050247,3.5,2.418491,0
1,2.418491,0,2.5037,0,0,1.839889,-1.362991,0,0,2.028316,-1.363281,4,2.59253,0
1,2.59253,0,1.225487,0,0,1.809456,-1.18927,0,0,2.058487,-1.18927,4.5,2.371069,-6.200167
1,2.371069,-6.200167,0.2856077,0,0,1.853141,-3.255447,0,0,2.02022,-3.255569,5,2.088479,-25
1,2.088479,-25,1.156967,0,0,2.398705,-21.63303,0,0,1.761426,-21.63303,5.5,1.880963,-25
1,1.880963,-25,2.052912,1.662759,-48.90517,0,0,0,0,1.415974,-41.09518,6,1.691269,-25
1,1.691269,-25,2.794291,1.98453,-67.3689,0,0,0,0,1.260353,-22.62955,6.5,1.533316,-17.60387
1,1.533316,-17.60387,3.384043,0,0,0.7598567,-6.862244,0,0,1.180976,-6.86232,7,0,0
1,0.7685055,25,10.99079,0,0,0,0,2.850193,-48.32675,2.640201,-41.67331,0,1.92882,25
1,1.92882,25,10.3908,0,0,0,0,0,0,2.104275,-31.51436,0.5,3.156005,7.597175
1,3.156005,7.597175,9.046527,0,0,2.185198,-1.601074,0,0,1.683423,-1.600708,1,2.892566,0
1,2.892566,0,7.577479,0,0,1.991115,-12.55917,0,0,1.970796,-12.55911,1.5,2.773128,0
1,2.773128,0,6.182923,0,0,1.730257,-3.985809,0,0,2.14623,-3.985809,2,2.544571,0
1,2.544571,0,4.861037,0,0,1.688651,-1.095032,0,0,2.179166,-1.095215,2.5,3.557785,0
1,3.557785,0,3.372217,0,0,1.713577,-0.4673004,0,0,2.153662,-0.4668732,3,3.554826,0
1,3.554826,0,1.55544,0,0,1.725655,-0.4693909,0,0,2.141585,-0.4698029,3.5,3.186492,-23.59217
1,3.186492,-23.59217,0.3258391,0,0,1.87602,-8.668411,0,0,2.035777,-8.668411,4,2.844599,-25
1,2.844599,-25,1.598791,2.248499,-53.03291,0,0,0,0,1.659997,-36.9669,4.5,2.567498,-25
1,2.567498,-25,2.785347,2.507987,-16.83414,2.400407,-16.83301,0,0,0.992934,-16.83304,5,0,0
1,0.4631879,0,11.05958,0,0,1.724908,-0.07661438,0,0,2.142205,-0.07661438,0,1.093255,0
1,1.093255,0,10.69879,0,0,1.724539,-0.1027832,0,0,2.142577,-0.1008759,0.5,2.221833,0
1,2.221833,0,9.900997,0,0,1.72296,-0.1046753,0,0,2.144156,-0.1046753,1,2.43454,0
1,2.43454,0,8.705595,0,0,1.721238,-0.1046753,0,0,2.145879,-0.1046753,1.5,2.718631,0
1,2.718631,0,7.45577,0,0,1.718525,-0.1046753,0,0,2.148591,-0.1046753,2,2.972754,0
1,2.972754,0,6.093494,0,0,1.716584,-0.1046753,0,0,2.150533,-0.1046753,2.5,2.760436,0
1,2.760436,0,4.669374,0,0,1.713444,-0.1046753,0,0,2.153672,-0.1046753,3,3.228527,0
1,3.228527,0,3.064559,0,0,1.711123,-0.1046753,0,0,2.155994,-0.1046753,3.5,3.212248,0
1,3.212248,0,1.475197,0,0,1.7076,-0.1046753,0,0,2.159517,-0.1046753,4,2.906901,-19.91681
1,2.906901,-19.91681,0.3254872,0,0,1.722146,-1.410004,0,0,2.146137,-1.410141,4.5,2.601683,-17.54503
1,2.601683,-17.54503,1.386358,2.424919,-54.33718,0,0,0,0,1.70829,-35.66278,5,2.334433,-22.45501
1,2.334433,-22.45501,2.46139,1.828546,-57.4268,2.735703,-32.57292,0,0,1.122003,-32.57295,5.5,2.109743,-21.31299
1,2.109743,-21.31299,3.334994,0,0,0.8495452,-3.068542,0,0,1.08015,-3.068481,6,0,0
1,0.4545284,0,11.06403,0,0,1.725158,-0.07661438,0,0,2.141956,-0.07661438,0,1.044956,0
1,1.044956,0,10.71111,0,0,1.7255,-0.08622742,0,0,2.141615,-0.08622742,0.5,2.426766,0
1,2.426766,0,9.806164,0,0,1.726389,-0.08622742,0,0,2.140726,-0.08622742,1,2.821589,0
1,2.821589,0,8.538397,0,0,1.728591,-0.08622742,0,0,2.138523,-0.08622742,1.5,2.848804,0
1,2.848804,0,7.167523,0,0,1.730241,-0.08392334,0,0,2.136873,-0.08622742,2,3.202194,0
1,3.202194,0,5.749869,0,0,1.732744,-0.08392334,0,0,2.134371,-0.08622742,2.5,3.395412,0
1,3.395412,0,4.022203,0,0,1.734796,-0.08392334,0,0,2.132318,-0.08622742,3,3.805785,0
1,3.805785,0,2.198722,0,0,1.738025,-0.08392334,0,0,2.129089,-0.08622742,3.5,3.494414,-11.17585
1,3.494414,-11.17585,0.473009,0,0,1.740253,-0.08392334,0,0,2.126862,-0.08622742,4,2.848009,-25
1,2.848009,-25,1.179713,0,0,2.656471,-29.32771,0,0,1.779141,-29.32768,4.5,2.577638,-25
1,2.577638,-25,2.389521,2.082045,-55.6793,0,0,0,0,1.147251,-55.6809,5,2.176689,-6.362422
1,2.176689,-6.362422,3.368629,0,0,1.013708,-2.452789,0,0,0.914988,-2.452789,5.5,0,0
1,0.6705686,0,11.0508,0,0,1.724891,0,0,0,2.142219,0,0,1.881648,0
1,1.881648,0,10.44595,0,0,1.724609,-0.02796936,0,0,2.142502,-0.03956604,0.5,3.204918,0
1,3.204918,0,9.201393,0,0,1.7241,-0.03427124,0,0,2.143011,-0.02796936,1,3.357218,0
1,3.357218,0,7.584575,0,0,1.723013,-0.02796936,0,0,2.144098,-0.02796936,1.5,3.790412,0
1,3.790412,0,5.911388,0,0,1.722265,-0.02796936,0,0,2.144846,-0.02796936,2,3.701936,0
1,3.701936,0,3.998581,0,0,1.720978,-0.02796936,0,0,2.146133,-0.03956604,2.5,3.42068,0
1,3.42068,0,2.233346,0,0,1.720158,-0.02796936,0,0,2.146953,-0.03956604,3,3.229903,0
1,3.229903,0,0.6465459,0,0,1.719007,-0.02796936,0,0,2.148103,-0.03956604,3.5,2.841944,-25
1,2.841944,-25,0.9502574,0,0,1.949569,-12.45679,0,0,2.010775,-12.4568,4,2.564248,-25
1,2.564248,-25,2.130215,1.640118,-51.85287,2.967841,-38.14507,0,0,1.327014,-51.85493,4.5,2.312571,-25
1,2.312571,-25,3.075134,2.512149,-14.33336,2.182493,-14.3315,0,0,1.169791,-14.33153,5,0,0
1,0.5524898,0,11.0532,0,0,1.725107,-0.09486389,0,0,2.142008,-0.0927887,0,1.515671,0
1,1.515671,0,10.58074,0,0,1.725927,-0.191803,0,0,2.141205,-0.1907806,0.5,2.570637,4.95152
1,2.570637,4.95152,9.447969,0,0,1.729795,-0.191803,0,0,2.137337,-0.191803,1,2.650915,0
1,2.650915,0,8.136742,0,0,1.635138,-6.038132,0,0,2.253548,-6.038193,1.5,2.785525,-2.475196
1,2.785525,-2.475196,6.789293,0,0,1.464724,-5.21376,0,0,2.418453,-5.213638,2,3.190391,-1.267901
1,3.190391,-1.267901,5.335063,0,0,1.405894,-3.393387,0,0,2.468009,-3.393387,2.5,2.937714,0
1,2.937714,0,3.826507,0,0,1.349167,-1.14978,0,0,2.518722,-1.14978,3,3.072202,0
1,3.072202,0,2.306632,0,0,1.324382,-1.146027,0,0,2.543502,-1.146027,3.5,3.161955,-8.697686
1,3.161955,-8.697686,0.8523962,0,0,1.328369,-2.339752,0,0,2.54197,-2.339844,4,2.79557,-23.72792
1,2.79557,-23.72792,0.7613031,0,0,1.833674,-21.5311,0,0,2.323535,-21.53113,4.5,2.541209,-20.00029
1,2.541209,-20.00029,1.889632,2.472712,-56.59321,0,0,0,0,1.641789,-56.59459,5,2.330097,-7.578543
1,2.330097,-7.578543,2.893531,0,0,2.549372,-13.01872,0,0,0.7842605,-13.01878,5.5,0,0
1,0.4128733,0,11.06333,0,0,1.725156,-0.01979065,0,0,2.141954,-0.02796936,0,1.27899,0
1,1.27899,0,10.68334,0,0,1.725457,-0.08155823,0,0,2.141657,-0.08155823,0.5,2.736325,0
1,2.736325,0,9.680124,0,0,1.726394,-0.08155823,0,0,2.14072,-0.08155823,1,2.917866,4.954778
1,2.917866,4.954778,8.257993,0,0,1.630849,-7.88446,0,0,2.273167,-7.884415,1.5,3.135555,-12.42505
1,3.135555,-12.42505,6.84241,0,0,1.394505,-11.52522,0,0,2.552182,-11.52516,2,2.877436,-6.212665
1,2.877436,-6.212665,5.362123,0,0,1.204177,-3.638733,0,0,2.670746,-3.638794,2.5,2.653849,0
1,2.653849,0,3.994622,0,0,1.24314,-2.271591,0,0,2.627013,-2.271667,3,3.10758,8.687879
1,3.10758,8.687879,2.454283,0,0,1.381791,-3.709564,0,0,2.493438,-3.709503,3.5,2.87167,0
1,2.87167,0,1.079234,0,0,1.3673,-0.01979065,0,0,2.499811,0,4,2.578882,-16.08397
1,2.578882,-16.08397,0.6040701,0,0,1.554329,-10.98071,0,0,2.384905,-10.98073,4.5,2.296089,-25
1,2.296089,-25,1.45289,0,0,2.416893,-31.90044,0,0,2.138181,-31.90041,5,2.069701,-25
1,2.069701,-25,2.293102,2.2427,-64.13951,2.555027,-25.85954,0,0,1.492964,-64.14041,5.5,1.910406,-7.626068
1,1.910406,-7.626068,3.026778,0,0,0.9410949,-7.31218,0,0,1.001494,-7.312119,6,0,0
1,0.4598064,0,11.06249,0,0,1.724636,-0.1281891,0,0,2.142484,-0.1297302,0,1.150442,0
1,1.150442,0,10.68961,0,0,1.723872,-0.2494507,0,0,2.143275,-0.2494507,0.5,2.945236,0
1,2.945236,0,9.669777,0,0,1.71986,-0.2462921,0,0,2.147286,-0.2462921,1,4.907962,0
1,4.907962,0,7.68782,0,0,1.71405,-0.2462921,0,0,2.153095,-0.2470856,1.5,5.560132,0
1,5.560132,0,4.973287,0,0,1.700821,-0.2639313,0,0,2.16633,-0.2631836,2,5.011225,0
1,5.011225,0,2.360431,0,0,1.691768,-0.1948242,0,0,2.175364,-0.1948242,2.5,4.58824,-12.42509
1,4.58824,-12.42509,0.2904487,0,0,1.767027,-5.39212,0,0,2.117275,-5.39212,3,3.674157,-25
1,3.674157,-25,2.020978,2.405292,-55.05594,0,0,0,0,1.649169,-34.94353,3.5,3.364903,-11.33214
1,3.364903,-11.33214,3.413942,0,0,0.9124405,-3.771072,0,0,1.01867,-3.771072,4,0,0
1,0.6936744,0,11.04717,0,0,1.725106,-0.07661438,0,0,2.142007,-0.07661438,0,2.087411,0
1,2.087411,0,10.39199,0,0,1.725556,-0.07402039,0,0,2.141557,-0.07661438,0.5,4.034594,0
1,4.034594,0,8.845706,0,0,1.727487,-0.07402039,0,0,2.139627,-0.07133484,1,5.668539,0
1,5.668539,0,6.345849,0,0,1.72977,-0.07402039,0,0,2.137343,-0.07133484,1.5,5.756935,0
1,5.756935,0,3.500405,0,0,1.734258,-0.02796936,0,0,2.132853,-0.02796936,2,5.097464,-13.65114
1,5.097464,-13.65114,0.8334664,0,0,1.737924,-0.0927887,0,0,2.129191,-0.09065247,2.5,4.303065,-25
1,4.303065,-25,1.588861,2.478395,-41.45302,0,0,0,0,1.564074,-41.4527,3,3.808279,-11.33254
1,3.808279,-11.33254,3.418267,0,0,1.34214,-12.49377,0,0,0.6313793,-12.49364,3.5,0,0
1,4.728658,0,10.90457,0,0,1.732357,-0.09486389,0,0,2.134758,-0.0927887,0,4.463924,0
1,4.463924,0,8.592606,0,0,1.735471,-0.09486389,0,0,2.131644,-0.09486389,0.5,4.614398,0
1,4.614398,0,6.246198,0,0,1.740106,-0.09486389,0,0,2.127009,-0.09486389,1,4.263786,0
1,4.263786,0,4.035917,0,0,1.74312,-0.09486389,0,0,2.123995,-0.09486389,1.5,3.939771,0
1,3.939771,0,2.002705,0,0,1.747301,-0.09486389,0,0,2.119814,-0.09486389,2,3.581925,-17.40173
1,3.581925,-17.40173,0.3109767,0,0,1.75036,-0.149353,0,0,2.116763,-0.149353,2.5,3.188708,-21.28711
1,3.188708,-21.28711,1.529832,2.448633,-55.14008,0,0,0,0,1.67415,-34.85977,3,2.866591,-20.08456
1,2.866591,-20.08456,2.829827,2.235447,-62.5753,0,0,0,0,1.011014,-27.42563,3.5,0,0
1,5.166805,0,10.86942,0,0,1.727295,-0.02796936,0,0,2.139816,-0.02796936,0,5.194082,0
1,5.194082,0,8.223866,0,0,1.728354,-0.04846191,0,0,2.138758,-0.04846191,0.5,4.782773,0
1,4.782773,0,5.740408,0,0,1.733214,-0.07661438,0,0,2.133899,-0.07133484,1,4.419394,0
1,4.419394,0,3.450992,0,0,1.735618,-0.07402039,0,0,2.131496,-0.07133484,1.5,4.082617,-2.475233
1,4.082617,-2.475233,1.354593,0,0,1.739134,-0.09890747,0,0,2.127982,-0.09690857,2,2.971254,-25
1,2.971254,-25,0.6267507,0,0,2.009481,-11.87224,0,0,1.942161,-11.87219,2.5,2.377397,-17.57439
1,2.377397,-17.57439,1.788265,1.896848,-45.79323,0,0,0,0,1.301701,-45.79492,3,2.150592,-18.77433
1,2.150592,-18.77433,2.776766,2.455054,-66.28436,0,0,0,0,1.026206,-23.71457,3.5,1.613419,-6.398259
1,1.613419,-6.398259,3.563989,0,0,0.9918581,-0.5435638,0,0,0.9351577,-0.5435638,4,0,0
1,4.583256,0,10.92651,0,0,1.736029,-0.1356201,0,0,2.131092,-0.1356201,0,4.442552,0
1,4.442552,0,8.628919,0,0,1.740451,-0.1356201,0,0,2.126671,-0.1356201,0.5,4.38991,0
1,4.38991,0,6.414725,0,0,1.686246,-2.150772,0,0,2.18359,-2.150589,1,4.042272,0
1,4.042272,0,4.318078,0,0,1.651363,-0.1958313,0,0,2.21577,-0.1948242,1.5,3.735126,0
1,3.735126,0,2.388258,0,0,1.693226,-0.961853,0,0,2.17443,-0.961853,2,3.444575,-6.212458
1,3.444575,-6.212458,0.6608706,0,0,1.717645,-0.961853,0,0,2.15001,-0.9620514,2.5,3.080181,-21.13327
1,3.080181,-21.13327,1.04623,0,0,2.328302,-21.29892,0,0,1.822302,-21.29893,3,2.477578,-25
1,2.477578,-25,2.289157,1.549875,-47.63156,0,0,0,0,1.298746,-47.63358,3.5,2.23463,-25
1,2.23463,-25,3.20542,0,0,0.7667063,-7.782837,0,0,1.178139,-7.782959,4,0,0
1,5.686641,0,10.91637,0,0,1.723844,0,0,0,2.143266,-0.02796936,0,5.990106,0
1,5.990106,0,8.006605,0,0,1.723171,-0.02796936,0,0,2.14394,-0.02796936,0.5,5.362325,0
1,5.362325,0,5.183078,0,0,1.722782,-0.02796936,0,0,2.144329,-0.02796936,1,5.033982,0
1,5.033982,0,2.575258,0,0,1.724672,-0.1266632,0,0,2.142447,-0.1235352,1.5,3.304279,-6.212513
1,3.304279,-6.212513,0.7249527,0,0,1.724027,-0.02796936,0,0,2.143083,-0.02796936,2,2.915863,-25
1,2.915863,-25,0.9018152,0,0,2.039312,-15.1443,0,0,1.966932,-15.1443,2.5,2.641528,-25
1,2.641528,-25,2.165755,1.967727,-52.79556,0,0,0,0,1.160272,-52.79796,3,2.121284,-11.33254
1,2.121284,-11.33254,3.178665,0,0,0.9845461,-13.64676,0,0,0.9982169,-13.64671,3.5,0,0
1,4.324733,3.706564,10.9253,0,0,2.250792,-3.562042,0,0,1.623806,-3.562225,0,3.949291,-1.248139
1,3.949291,-1.248139,8.882277,0,0,1.894969,-2.631348,0,0,1.976223,-2.631439,0.5,4.360654,0
1,4.360654,0,6.912471,0,0,1.863071,-1.304459,0,0,2.005041,-1.304306,1,5.301351,0
1,5.301351,0,4.473977,0,0,1.798484,-1.3004,0,0,2.069622,-1.300552,1.5,4.626305,0
1,4.626305,0,1.769274,0,0,1.747502,-1.43573,0,0,2.120823,-1.435867,2,3.947222,-25
1,3.947222,-25,0.4475882,0,0,1.93475,-12.20357,0,0,2.021773,-12.20366,2.5,3.438166,-15.11868
1,3.438166,-15.11868,2.052325,1.946146,-47.12244,0,0,0,0,1.490471,-47.12265,3,2.95716,-17.54501
1,2.95716,-17.54501,3.413394,0,0,0.8607926,-3.629684,0,0,1.07001,-3.629684,3.5,0,0
1,3.986443,16.15256,10.99657,0,0,2.111852,-6.754791,0,0,1.78229,-6.754761,0,4.340863,-4.983951
1,4.340863,-4.983951,9.131569,0,0,1.715818,-17.1564,0,0,2.331382,-17.15648,0.5,4.27519,-7.455023
1,4.27519,-7.455023,6.967553,0,0,1.159221,-4.076172,0,0,2.7177,-4.076202,1,3.905667,0.07519461
1,3.905667,0.07519461,4.951309,0,0,1.475773,-13.60147,0,0,2.50292,-13.60144,1.5,3.584086,6.185429
1,3.584086,6.185429,3.104094,0,0,1.884609,-8.556213,0,0,2.026025,-8.556152,2,3.284758,0
1,3.284758,0,1.412789,0,0,1.883217,-0.2036743,0,0,1.983918,-0.2046204,2.5,2.943449,-23.62691
1,2.943449,-23.62691,0.3409849,0,0,1.989312,-6.872467,0,0,1.905788,-6.872604,3,2.639137,-25
1,2.639137,-25,1.587943,2.626439,-58.84888,2.961298,-31.15089,0,0,1.55737,-31.15091,3.5,2.382275,-25
1,2.382275,-25,2.718704,2.276603,-65.70106,0,0,0,0,1.086377,-24.29745,4,1.997887,-8.847516
1,1.997887,-8.847516,3.606473,0,0,0.9356167,-2.620178,0,0,0.9933286,-2.620178,4.5,0,0
1,3.349735,0,10.9997,0,0,1.962215,-4.303848,0,0,1.915831,-4.303879,0,4.420825,0
1,4.420825,0,9.050861,0,0,1.800648,-4.296585,0,0,2.077362,-4.296722,0.5,4.935988,-2.490329
1,4.935988,-2.490329,6.634954,0,0,1.678867,-2.43364,0,0,2.191735,-2.433578,1,4.508297,6.195837
1,4.508297,6.195837,4.29218,0,0,1.997716,-4.142975,0,0,1.879529,-4.142883,1.5,4.152089,0
1,4.152089,0,2.16235,0,0,1.863426,-6.327774,0,0,2.027389,-6.327805,2,3.764212,-17.45331
1,3.764212,-17.45331,0.3845116,0,0,1.661931,-0.3339691,0,0,2.205245,-0.335144,2.5,3.326493,-25
1,3.326493,-25,1.505031,0,0,2.399381,-25.7999,0,0,1.895884,-25.79993,3,3.022788,-23.74362
1,3.022788,-23.74362,2.859275,2.597411,-69.39501,0,0,0,0,1.082108,-20.60468,3.5,0,0
1,5.928126,0,10.93506,0,0,1.722967,-0.02796936,0,0,2.144144,-0.02796936,0,5.735692,0
1,5.735692,0,7.977571,0,0,1.720809,-0.01979065,0,0,2.146301,0,0.5,5.437916,0
1,5.437916,0,5.179065,0,0,1.719922,-0.05934143,0,0,2.147191,-0.05934143,1,4.986506,0
1,4.986506,0,2.596622,0,0,1.716596,-0.1724548,0,0,2.150532,-0.1724548,1.5,4.526617,-17.38086
1,4.526617,-17.38086,0.3587854,0,0,1.713978,-0.01979065,0,0,2.153133,-0.02796936,2,3.663141,-25
1,3.663141,-25,1.791028,1.950832,-50.19675,0,0,0,0,1.591915,-39.8029,2.5,3.34777,-20.02977
1,3.34777,-20.02977,3.316213,2.628787,-19.48112,0,0,0,0,1.074227,-19.47974,3,0,0
1,3.392126,8.742408,11.00885,0,0,2.533946,-8.715149,0,0,1.378335,-8.715088,0,4.217323,0
1,4.217323,0,9.038187,0,0,2.452488,-7.810776,0,0,1.450836,-7.810898,0.5,5.025637,-1.242416
1,5.025637,-1.242416,6.775306,0,0,1.821846,-14.08452,0,0,2.16512,-14.08443,1,5.303755,0
1,5.303755,0,4.362725,0,0,1.483463,-2.531036,0,0,2.387425,-2.531036,1.5,5.021454,3.675506
1,5.021454,3.675506,1.748039,0,0,1.603074,-0.7982025,0,0,2.264413,-0.7984467,2,4.141209,-25
1,4.141209,-25,0.6438384,0,0,1.636327,-6.172501,0,0,2.253339,-6.17247,2.5,3.737537,-25
1,3.737537,-25,2.370094,2.35556,-59.34923,2.931324,-30.64896,0,0,1.157406,-59.35107,3,0,0
1,5.116243,9.947799,10.93609,0,0,2.789206,-12.74788,0,0,1.175637,-12.74809,0,4.75354,2.574528
1,4.75354,2.574528,8.599784,0,0,2.573647,-24.56345,0,0,1.678257,-24.5634,0.5,4.264436,-13.70375
1,4.264436,-13.70375,6.522574,0,0,1.665444,-21.38013,0,0,2.487464,-21.38005,1,3.912454,0
1,3.912454,0,4.517913,0,0,1.79083,-13.97855,0,0,2.194296,-13.97858,1.5,3.537838,3.716069
1,3.537838,3.716069,2.693161,0,0,1.945463,-2.865662,0,0,1.926491,-2.865662,2,3.258926,0
1,3.258926,0,1.031375,0,0,1.804651,-2.403473,0,0,2.065864,-2.403549,2.5,2.891747,-25
1,2.891747,-25,0.6085523,0,0,1.826118,-2.971176,0,0,2.046201,-2.971176,3,2.614391,-24.92964
1,2.614391,-24.92964,1.840343,1.813254,-49.91524,0,0,0,0,1.492307,-40.08472,3.5,2.34805,-25
1,2.34805,-25,2.869734,1.687493,-63.81583,0,0,0,0,1.317573,-26.18507,4,1.929165,0
1,1.929165,0,3.722281,0,0,0.7310908,-0.7436218,0,0,1.196001,-0.7436218,4.5,0,0
1,4.871189,0,10.97813,0,0,2.204504,-9.472809,0,0,1.716067,-9.472656,0,6.019963,7.423046
1,6.019963,7.423046,8.218586,0,0,2.468279,-0.2967377,0,0,1.398883,-0.2973938,0.5,5.74931,0
1,5.74931,0,5.231045,0,0,2.192878,-9.590591,0,0,1.729047,-9.590561,1,5.418506,0
1,5.418506,0,2.514556,0,0,1.607979,-9.776535,0,0,2.31612,-9.776535,1.5,4.754337,-18.8867
1,4.754337,-18.8867,0.2962261,0,0,1.567744,-8.447571,0,0,2.341792,-8.447617,2,4.078791,-5.120026
1,4.078791,-5.120026,2.029101,0,0,0,0,0,0,1.059,-61.02583,2.5,0,0
1,5.236721,0,10.91843,0,0,1.739169,-0.189743,0,0,2.127962,-0.189743,0,4.942444,3.742024
1,4.942444,3.742024,8.382443,0,0,1.503746,-8.502014,0,0,2.406335,-8.502121,0.5,4.452698,-11.19532
1,4.452698,-11.19532,6.074879,0,0,1.289646,-0.8240051,0,0,2.577871,-0.8240051,1,3.938236,19.9144
1,3.938236,19.9144,4.000303,0,0,1.584657,-3.547516,0,0,2.289882,-3.547516,1.5,3.592977,-17.32569
1,3.592977,-17.32569,2.365257,0,0,1.147061,-17.63536,0,0,2.910755,-17.6355,2,3.270305,-16.15256
1,3.270305,-16.15256,1.055524,0,0,0.9941923,-0.972168,0,0,2.873477,-0.972168,2.5,2.898062,-25
1,2.898062,-25,0.9745778,0,0,1.60044,-24.18871,0,0,2.63888,-24.18874,3,2.611308,-23.72502
1,2.611308,-23.72502,1.846385,2.515514,-63.01045,2.763583,-26.98967,0,0,2.331738,-63.01035,3.5,2.400829,-10.02311
1,2.400829,-10.02311,2.735984,0,0,2.378738,-6.317703,0,0,0.8920416,-6.317581,4,1.157059,0
1,1.157059,0,3.506824,0,0,1.081261,-0.04846191,0,0,0.8456686,-0.04423523,4.5,0,0
1,5.285749,6.270185,10.89804,0,0,2.09638,-4.980286,0,0,1.785385,-4.980194,0,5.367269,0
1,5.367269,0,8.168556,0,0,2.127419,-2.555954,0,0,1.743542,-2.555801,0.5,4.880855,0
1,4.880855,0,5.633097,0,0,2.01565,-3.571655,0,0,1.858985,-3.571609,1,4.952195,0
1,4.952195,0,3.207259,0,0,1.683374,-6.689926,0,0,2.210247,-6.689911,1.5,4.506378,-0.1185068
1,4.506378,-0.1185068,0.9118352,0,0,1.614408,-3.606308,0,0,2.260379,-3.606476,2,3.959142,-25
1,3.959142,-25,1.263048,2.951432,-59.53033,2.78029,-30.46916,0,0,1.706431,-30.46918,2.5,3.569433,-21.25811
1,3.569433,-21.25811,2.893866,2.501314,-66.75404,0,0,0,0,1.02282,-23.2471,3,0,0
1,5.722589,0,10.90301,0,0,1.863505,-8.097961,0,0,2.04256,-8.097977,0,5.384954,25
1,5.384954,25,8.173142,0,0,2.705122,-6.993332,0,0,1.190982,-6.993225,0.5,5.027135,-9.937202
1,5.027135,-9.937202,5.780981,0,0,2.273348,-25.75433,0,0,2.020265,-25.75427,1,4.552368,0
1,4.552368,0,3.474616,0,0,1.420679,-0.5078278,0,0,2.446584,-0.5078278,1.5,4.206343,0
1,4.206343,0,1.356129,0,0,1.443108,-0.7055359,0,0,2.424295,-0.7055359,2,3.748071,-19.96138
1,3.748071,-19.96138,0.6936046,0,0,1.924869,-19.84674,0,0,2.186438,-19.84671,2.5,3.341068,-23.725
1,3.341068,-23.725,2.194679,2.079255,-50.78606,0,0,0,0,1.653845,-50.78625,3,2.406435,-1.392472
1,2.406435,-1.392472,3.410379,0,0,1.025305,-1.454147,0,0,0.9022449,-1.45401,3.5,0,0
1,5.741696,0,10.95495,0,0,1.719695,-0.06852722,0,0,2.147418,-0.06559753,0,6.690288,0
1,6.690288,0,7.723753,0,0,1.716588,-0.07133484,0,0,2.150525,-0.07133484,0.5,5.990915,0
1,5.990915,0,4.569643,0,0,1.711907,-0.07133484,0,0,2.155206,-0.07133484,1,5.714539,0
1,5.714539,0,1.66771,0,0,1.708785,-0.07661438,0,0,2.158329,-0.07661438,1.5,4.734944,-25
1,4.734944,-25,0.9884031,0,0,2.504881,-27.13673,0,0,1.840584,-27.13669,2,4.117623,-13.77833
1,4.117623,-13.77833,2.907297,2.897388,-20.59518,0,0,0,0,0.8724554,-20.59633,2.5,0,0
1,4.858679,0,10.95983,0,0,1.723648,-0.01979065,0,0,2.143463,-0.02796936,0,4.657884,0
1,4.657884,0,8.584018,0,0,1.722566,-0.01979065,0,0,2.144544,0,0.5,4.303976,0
1,4.303976,0,6.350636,0,0,1.721887,-0.01979065,0,0,2.145223,-0.02796936,1,3.092959,0
1,3.092959,0,4.49212,0,0,1.721004,-0.01979065,0,0,2.146106,-0.02796936,1.5,4.015057,0
1,4.015057,0,2.77127,0,0,1.720521,-0.01979065,0,0,2.146589,-0.02796936,2,4.529674,-8.645077
1,4.529674,-8.645077,0.6193108,0,0,1.721886,-0.2193909,0,0,2.145252,-0.2193909,2.5,3.300726,-25
1,3.300726,-25,1.382957,0,0,2.397529,-24.84314,0,0,1.863935,-24.84311,3,2.978792,-25
1,2.978792,-25,2.718136,2.76116,-18.45454,0,0,0,0,0.9985954,-18.45461,3.5,0,0
1,5.536595,0,10.93119,0,0,1.724218,0,0,0,2.142892,0,0,5.401977,0
1,5.401977,0,8.175602,0,0,1.72372,-0.07661438,0,0,2.143394,-0.07661438,0.5,4.997753,0
1,4.997753,0,5.596701,0,0,1.723944,-0.04846191,0,0,2.143168,-0.04846191,1,4.645941,0
1,4.645941,0,3.190893,0,0,1.727895,-0.09065247,0,0,2.13922,-0.09065247,1.5,4.292939,0
1,4.292939,0,1.000677,0,0,1.730781,-0.09065247,0,0,2.136334,-0.0927887,2,3.1483,-25
1,3.1483,-25,0.9613261,0,0,2.298703,-22.33269,0,0,1.881991,-22.33269,2.5,2.843214,-25
1,2.843214,-25,2.288737,1.959336,-51.93016,0,0,0,0,1.314864,-51.9319,3,2.27508,-6.362497
1,2.27508,-6.362497,3.341198,0,0,1.033492,-0.8784943,0,0,0.8936631,-0.8784943,3.5,0,0
1,4.700136,0,10.88883,0,0,1.725988,0,0,0,2.141122,0,0,4.769219,0
1,4.769219,0,8.536597,0,0,1.72652,0,0,0,2.14059,0,0.5,4.442906,0
1,4.442906,0,6.248872,0,0,1.726869,0,0,0,2.140241,0,1,4.527804,0
1,4.527804,0,3.928655,0,0,1.727394,0,0,0,2.139717,0,1.5,4.183752,0
1,4.183752,0,1.773135,0,0,1.727737,0,0,0,2.139373,0,2,3.598063,-24.82722
1,3.598063,-24.82722,0.3594234,0,0,1.883748,-9.233932,0,0,2.034138,-9.233887,2.5,3.118785,-25
1,3.118785,-25,1.795483,2.021511,-40.48196,0,0,0,0,1.602565,-40.48174,3,2.822422,-12.57633
1,2.822422,-12.57633,3.036183,0,0,1.077871,-7.257065,0,0,0.8646184,-7.257126,3.5,0,0
1,4.450201,0,10.95813,0,0,1.71868,-0.07661438,0,0,2.148433,-0.07661438,0,4.489393,0
1,4.489393,0,8.64816,0,0,1.716174,-0.07661438,0,0,2.150939,-0.07661438,0.5,4.331406,0
1,4.331406,0,6.460548,0,0,1.712611,-0.07661438,0,0,2.154502,-0.07661438,1,4.514726,0
1,4.514726,0,4.260525,0,0,1.710258,-0.07661438,0,0,2.156856,-0.07661438,1.5,4.171673,0
1,4.171673,0,2.108391,0,0,1.706714,-0.07661438,0,0,2.1604,-0.07661438,2,3.728581,-23.62658
1,3.728581,-23.62658,0.3039136,0,0,1.760847,-4.117172,0,0,2.116272,-4.117279,2.5,3.370423,-15.06007
1,3.370423,-15.06007,1.641137,2.33517,-48.34479,0,0,0,0,1.35079,-48.34607,3,2.535568,-7.601357
1,2.535568,-7.601357,3.013918,0,0,2.575576,-14.62724,0,0,0.7811551,-14.6272,3.5,0,0
1,4.67527,0,10.9616,0,0,1.882186,-2.147583,0,0,1.987642,-2.147659,0,4.927455,0
1,4.927455,0,8.446453,0,0,1.920111,-1.493835,0,0,1.948315,-1.493835,0.5,5.081879,0
1,5.081879,0,5.928971,0,0,1.858836,-1.788055,0,0,2.010158,-1.788055,1,4.637504,0
1,4.637504,0,3.526636,0,0,1.824326,-0.1281891,0,0,2.042794,-0.1266632,1.5,4.285141,0
1,4.285141,0,1.321901,0,0,1.820558,-0.1170349,0,0,2.04656,-0.1170349,2,3.482866,-25
1,3.482866,-25,0.7448125,0,0,2.221292,-17.90691,0,0,1.842692,-17.90689,2.5,3.138587,-25
1,3.138587,-25,2.256596,1.964491,-50.04163,0,0,0,0,1.233375,-50.04341,3,2.36639,-3.94422
1,2.36639,-3.94422,3.476929,0,0,0.9610964,-4.280533,0,0,0.9712222,-4.280472,3.5,0,0
1,4.798383,9.864907,10.97362,0,0,1.871102,-0.6714478,0,0,1.996274,-0.6714478,0,4.689316,-7.455024
1,4.689316,-7.455024,8.569157,0,0,1.583613,-6.885803,0,0,2.311593,-6.885895,0.5,4.330791,0
1,4.330791,0,6.338423,0,0,1.45287,-3.791992,0,0,2.422725,-3.791931,1,3.98309,0
1,3.98309,0,4.28262,0,0,1.389677,-0.4489288,0,0,2.477552,-0.4489288,1.5,3.824563,0
1,3.824563,0,2.394694,0,0,1.40355,-0.5082092,0,0,2.463711,-0.5078278,2,3.576453,-11.20458
1,3.576453,-11.20458,0.7111071,0,0,1.434106,-1.483322,0,0,2.434301,-1.483185,2.5,2.919738,-25
1,2.919738,-25,0.9930664,0,0,2.062869,-24.70053,0,0,2.193698,-24.70049,3,2.635939,-25
1,2.635939,-25,2.163495,2.406261,-62.04375,2.772515,-27.95552,0,0,1.304551,-62.04448,3.5,2.052247,0
1,2.052247,0,3.190538,0,0,1.017511,-9.27771,0,0,0.93496,-9.277679,4,0,0
1,5.546217,0,10.89505,0,0,1.727014,-0.01979065,0,0,2.140096,0,0,5.968653,0
1,5.968653,0,7.926778,0,0,1.728233,-0.01979065,0,0,2.138878,-0.02796936,0.5,5.610644,0
1,5.610644,0,5.020031,0,0,1.729082,0,0,0,2.138029,0,1,5.269831,0
1,5.269831,0,2.33535,0,0,1.728284,0,0,0,2.138826,0,1.5,4.616641,-24.827
1,4.616641,-24.827,0.3135489,0,0,1.760269,-2.591019,0,0,2.110801,-2.591019,2,3.746845,-23.7251
1,3.746845,-23.7251,2.099425,2.494392,-55.59484,0,0,0,0,1.200012,-55.59668,2.5,0,0
1,5.337663,0,10.95857,0,0,1.734954,-0.1440125,0,0,2.132168,-0.1440125,0,5.226792,0
1,5.226792,0,8.234755,0,0,1.742969,-0.08847046,0,0,2.124146,-0.09065247,0.5,5.082343,0
1,5.082343,0,5.634795,0,0,1.747894,-0.1532288,0,0,2.11923,-0.1532288,1,4.694036,0
1,4.694036,0,3.202151,0,0,1.755367,-0.1480255,0,0,2.111756,-0.146698,1.5,4.336412,-2.475177
1,4.336412,-2.475177,0.9858027,0,0,1.760097,-0.1480255,0,0,2.107026,-0.146698,2,3.789671,-25
1,3.789671,-25,1.087654,0,0,2.503476,-25.92889,0,0,1.796482,-25.92894,2.5,3.41262,-25
1,3.41262,-25,2.677321,2.303783,-61.01036,2.786613,-28.98987,0,0,0.929971,-28.98994,3,0,0
1,5.884621,0,10.86755,0,0,1.719495,-0.07133484,0,0,2.147618,-0.07133484,0,5.953701,0
1,5.953701,0,7.784278,0,0,1.716506,-0.07133484,0,0,2.150607,-0.07133484,0.5,5.925473,0
1,5.925473,0,4.779331,0,0,1.711684,-0.06852722,0,0,2.155429,-0.06559753,1,5.271209,0
1,5.271209,0,2.010189,0,0,1.708954,-0.09065247,0,0,2.158161,-0.0927887,1.5,4.518439,-24.82707
1,4.518439,-24.82707,0.6045488,0,0,1.83909,-8.189758,0,0,2.067872,-8.189819,2,3.999616,-25
1,3.999616,-25,2.448572,1.664657,-46.68842,0,0,0,0,1.492048,-46.68848,2.5,0,0
1,5.15935,0,10.93058,0,0,1.719428,-0.07661438,0,0,2.147686,-0.07661438,0,5.390883,0
1,5.390883,0,8.212907,0,0,1.715127,-0.09065247,0,0,2.151987,-0.08847046,0.5,5.163538,0
1,5.163538,0,5.569833,0,0,1.711251,-0.146698,0,0,2.155871,-0.1480255,1,4.83357,0
1,4.83357,0,3.068046,0,0,1.70726,-0.03956604,0,0,2.159851,-0.03956604,1.5,4.461469,-4.950485
1,4.461469,-4.950485,0.8070915,0,0,1.705936,-0.04423523,0,0,2.161175,-0.03956604,2,3.893176,-25
1,3.893176,-25,1.296114,0,0,2.512228,-27.31091,0,0,1.840034,-27.31093,2.5,3.480187,-22.48193
1,3.480187,-22.48193,2.858401,2.171682,-63.46768,2.560734,-26.53261,0,0,1.072872,-26.53262,3,0,0
1,5.595041,0,10.90579,0,0,1.74018,-0.2167053,0,0,2.126958,-0.2167053,0,5.659775,0
1,5.659775,0,8.050756,0,0,1.752937,-0.1724548,0,0,2.114191,-0.1724548,0.5,5.30801,0
1,5.30801,0,5.334694,0,0,1.760359,-0.1747131,0,0,2.10677,-0.1747131,1,4.835366,0
1,4.835366,0,2.830477,0,0,1.769754,-0.1532288,0,0,2.097369,-0.151947,1.5,4.447034,-9.95834
1,4.447034,-9.95834,0.5800502,0,0,1.774863,-0.1570129,0,0,2.092262,-0.1570129,2,3.879118,-25
1,3.879118,-25,1.53414,2.117996,-52.48369,0,0,0,0,1.593572,-37.51604,2.5,3.42174,-11.33246
1,3.42174,-11.33246,3.106552,2.585601,-16.79054,2.374494,-16.78967,0,0,1.018062,-16.7897,3,0,0
1,4.704874,0,10.92008,0,0,1.724964,0,0,0,2.142147,0,0,5.704473,0
1,5.704473,0,8.309589,0,0,1.724964,0,0,0,2.142147,0,0.5,5.712212,0
1,5.712212,0,5.387505,0,0,1.725095,0,0,0,2.142015,0,1,5.21464,0
1,5.21464,0,2.666636,0,0,1.725435,-0.01979065,0,0,2.141675,0,1.5,1.969498,-9.918081
1,1.969498,-9.918081,0.9460695,0,0,1.72579,-0.04423523,0,0,2.141321,-0.04846191,2,0.579046,-8.798622
1,0.579046,-8.798622,0.597324,0,0,1.805007,-5.645828,0,0,2.080954,-5.645752,2.5,1.608696,-15.09356
1,1.608696,-15.09356,0.2835083,0,0,1.889835,-7.35939,0,0,2.009396,-7.35939,3,1.941948,-25
1,1.941948,-25,1.020338,0,0,2.290707,-20.28522,0,0,1.832108,-20.28526,3.5,1.551174,-25
1,1.551174,-25,1.820956,2.030576,-46.45842,0,0,0,0,1.334519,-46.46059,4,1.974223,-25
1,1.974223,-25,2.64185,2.453593,-62.49444,0,0,0,0,0.8950099,-27.50616,4.5,2.268129,-5.14643
1,2.268129,-5.14643,3.577172,0,0,1.132288,-1.491074,0,0,0.7952938,-1.490952,5,0,0
1,6.069378,0,10.87941,0,0,1.728888,-0.04846191,0,0,2.138224,-0.04846191,0,6.186147,0
1,6.186147,0,7.759968,0,0,1.730928,-0.04846191,0,0,2.136183,-0.04846191,0.5,5.539468,0
1,5.539468,0,4.850078,0,0,1.73358,-0.05934143,0,0,2.133532,-0.05233765,1,5.25878,0
1,5.25878,0,2.163987,0,0,1.736165,-0.07133484,0,0,2.130948,-0.06559753,1.5,4.653757,-22.41125
1,4.653757,-22.41125,0.4266817,0,0,1.924811,-10.3878,0,0,2.006747,-10.3878,2,4.111825,-25
1,4.111825,-25,2.345962,1.786149,-50.20287,0,0,0,0,1.342579,-50.20375,2.5,0,0
1,3.277508,-25,10.95811,0,0,1.784707,-8.492752,0,0,2.125279,-8.492859,0,3.773873,18.6375
1,3.773873,18.6375,9.265093,0,0,2.6032,-21.22433,0,0,1.545312,-21.22432,0.5,3.35122,20.04619
1,3.35122,20.04619,7.579612,0,0,2.409184,-7.805252,0,0,1.494089,-7.80513,1,2.947123,-25
1,2.947123,-25,6.166437,0,0,1.621229,-21.66957,0,0,2.539959,-21.66959,1.5,2.718319,-0.09775488
1,2.718319,-0.09775488,4.770134,0,0,1.571699,-3.585831,0,0,2.302997,-3.585831,2,2.395526,25
1,2.395526,25,3.527936,0,0,1.644549,-4.179779,0,0,2.232876,-4.179916,2.5,3.445603,-3.750238
1,3.445603,-3.750238,2.395856,0,0,1.307466,-21.78123,0,0,2.856953,-21.78116,3,4.190197,-25
1,4.190197,-25,1.081024,0,0,0,0,0,0,0,0,3.5,4.861941,-25
1,4.861941,-25,1.368679,0,0,2.45928,-43.36447,2.603862,-46.63538,2.859986,-43.36446,4,4.356354,17.3949
1,4.356354,17.3949,3.226558,1.925496,-0.2454987,1.450536,-0.2446899,0,0,0.476415,-0.2446899,4.5,0,0
1,4.875208,-16.10917,10.9879,0,0,1.834469,-32.2496,0,0,2.738031,-32.24944,0,4.277143,-22.5197
1,4.277143,-22.5197,8.812583,0,0,1.176283,-12.51555,0,0,2.78496,-12.51559,0.5,3.652859,25
1,3.652859,25,6.951304,0,0,1.960105,-19.84274,0,0,2.151102,-19.8428,1,3.159412,-22.36862
1,3.159412,-22.36862,5.304778,0,0,1.558745,-9.769241,0,0,2.365272,-9.769165,1.5,2.734833,7.476233
1,2.734833,7.476233,3.93917,0,0,1.914753,-16.93849,0,0,2.127728,-16.93851,2,2.396508,25
1,2.396508,25,2.703534,0,0,2.189871,-3.949966,0,0,1.686447,-3.949875,2.5,2.047244,-22.51499
1,2.047244,-22.51499,1.64422,0,0,2.075377,-2.081787,0,0,1.794288,-2.081787,3,1.90679,0
1,1.90679,0,0.8712122,0,0,2.452853,-12.95905,0,0,1.515325,-12.95914,3.5,1.950228,-8.700733
1,1.950228,-8.700733,0.8150593,0,0,2.625036,-12.96417,0,0,1.343222,-12.96422,4,2.497534,-25
1,2.497534,-25,1.898306,1.891262,-33.01897,0,0,0,0,0.8243725,-33.02089,4.5,3.36823,-19.98112
1,3.36823,-19.98112,3.266862,1.931171,-57.66616,0,0,0,0,1.058115,-32.33237,5,0,0
1,4.354568,0,10.91637,0,0,1.72546,0,0,0,2.141651,0,0,4.207472,0
1,4.207472,0,8.748348,0,0,1.72565,0,0,0,2.14146,0,0.5,3.887748,0
1,3.887748,0,6.730734,0,0,1.725937,0,0,0,2.141174,0,1,4.913412,0
1,4.913412,0,4.574574,0,0,1.726131,0,0,0,2.140979,0,1.5,5.920937,0
1,5.920937,0,1.875773,0,0,1.726495,0,0,0,2.140615,0,2,5.122454,-25
1,5.122454,-25,0.9743223,0,0,2.254769,-20.8391,0,0,1.883031,-20.83907,2.5,4.685285,-10.11495
1,4.685285,-10.11495,3.173741,0,0,1.222767,-4.094238,0,0,0.7090922,-4.094193,3,0,0
1,3.779288,-9.965757,11.02482,0,0,1.417402,-21.31673,0,0,2.733706,-21.31674,0,3.303094,-25
1,3.303094,-25,9.319498,0,0,1.230792,-11.11661,0,0,2.710265,-11.1165,0.5,2.920348,12.45105
1,2.920348,12.45105,8.072735,0,0,2.525314,-38.48907,0,0,2.415254,-38.48903,1,2.569426,25
1,2.569426,25,6.789262,0,0,2.50945,-9.28923,0,0,1.409047,-9.289276,1.5,2.394221,0
1,2.394221,0,5.549905,0,0,2.363461,-3.911469,0,0,1.512679,-3.911469,2,2.212319,0
1,2.212319,0,4.402553,0,0,2.265296,-3.997528,0,0,1.611246,-3.997574,2.5,3.241993,0
1,3.241993,0,3.074161,0,0,2.195341,-3.997574,0,0,1.6812,-3.997528,3,4.306941,-7.425677
1,4.306941,-7.425677,1.192018,0,0,2.046602,-3.402893,0,0,1.827339,-3.402832,3.5,4.490215,-25
1,4.490215,-25,1.337382,0,0,2.780799,-25.47893,0,0,1.502938,-25.47888,4,4.121521,-6.395264
1,4.121521,-6.395264,3.330545,0,0,1.20738,-8.049591,0,0,0.7387235,-8.049545,4.5,0,0
1,3.449816,23.62337,10.97773,0,0,2.712755,-27.12653,0,0,1.632303,-27.1266,0,4.129091,15.1183
1,4.129091,15.1183,9.123626,0,0,2.44549,-15.62222,0,0,1.56996,-15.62234,0.5,3.620883,-25
1,3.620883,-25,7.371358,0,0,1.743393,-26.79285,0,0,2.588819,-26.79285,1,3.328182,-6.306576
1,3.328182,-6.306576,5.728724,0,0,1.848871,-18.03102,0,0,2.217965,-18.03101,1.5,3.047689,3.694223
1,3.047689,3.694223,4.290058,0,0,2.508799,-23.25731,0,0,1.700345,-23.25737,2,2.76964,17.40156
1,2.76964,17.40156,3.006924,0,0,2.939742,-16.31148,0,0,1.089551,-16.31133,2.5,2.510902,2.608155
1,2.510902,2.608155,1.752517,0,0,2.78873,-3.405075,0,0,1.085219,-3.405136,3,2.298487,-12.4511
1,2.298487,-12.4511,0.7289144,0,0,2.532754,-9.599518,0,0,1.389274,-9.599442,3.5,2.028123,-25
1,2.028123,-25,1.088175,0,0,2.582688,-5.005829,0,0,1.299228,-5.005737,4,2.288076,-25
1,2.288076,-25,2.050441,1.710219,-33.59286,0,0,0,0,0.9079528,-56.40561,4.5,3.258132,-25
1,3.258132,-25,3.370753,1.616268,-56.43376,0,0,0,0,1.240095,-33.56538,5,0,0
1,5.286494,25,10.94165,0,0,2.585521,-15.56104,0,0,1.428735,-15.56097,0,4.604427,-23.6075
1,4.604427,-23.6075,8.613486,0,0,1.834902,-22.84848,0,0,2.361489,-22.8484,0.5,4.201898,0
1,4.201898,0,6.509674,0,0,1.857752,-12.49666,0,0,2.103199,-12.4967,1,3.799882,3.730286
1,3.799882,3.730286,4.582592,0,0,2.367596,-3.756088,0,0,1.507839,-3.756088,1.5,3.508415,0
1,3.508415,0,2.774874,0,0,2.327883,-0.7348785,0,0,1.539545,-0.7348785,2,3.24186,0
1,3.24186,0,1.149368,0,0,2.301017,-0.7451935,0,0,1.56642,-0.7446747,2.5,2.88416,-25
1,2.88416,-25,0.7667783,0,0,2.315408,-1.856354,0,0,1.553735,-1.856461,3,2.59256,-25
1,2.59256,-25,2.071332,1.674479,-38.44714,0,0,0,0,0.9947359,-51.5508,3.5,2.35152,-25
1,2.35152,-25,3.184972,1.900948,-62.74088,0,0,0,0,1.18824,-27.25795,4,0,0
1,3.096259,-24.8489,11.00914,0,0,1.701695,-27.43791,0,0,2.655565,-27.43788,0,2.788591,0
1,2.788591,0,9.585136,0,0,1.520561,-9.64006,0,0,2.401937,-9.639999,0.5,2.548909,0
1,2.548909,0,8.308569,0,0,1.906239,-15.724,0,0,2.111213,-15.72412,1,2.355257,0
1,2.355257,0,7.142192,0,0,2.329607,-15.72479,0,0,1.68786,-15.72495,1.5,2.138153,18.63732
1,2.138153,18.63732,6.072367,0,0,2.588112,-15.62335,0,0,1.427359,-15.62343,2,1.903123,25
1,1.903123,25,5.076624,0,0,2.469489,-4.4216,0,0,1.409166,-4.421555,2.5,1.753951,-4.945168
1,1.753951,-4.945168,4.243295,0,0,2.288268,-20.85641,0,0,1.850001,-20.85648,3,1.594737,-14.95132
1,1.594737,-14.95132,3.460719,0,0,1.867052,-20.90695,0,0,2.27261,-20.90698,3.5,2.530234,0
1,2.530234,0,2.553872,0,0,1.652313,-16.05302,0,0,2.371711,-16.05312,4,3.466652,-25
1,3.466652,-25,1.156114,0,0,1.33296,-2.85376,0,0,2.538955,-2.853821,4.5,3.462127,-2.605198
1,3.462127,-2.605198,0.7183967,0,0,2.206753,-29.32809,0,0,2.228876,-29.32816,5,3.055205,-25
1,3.055205,-25,2.279885,2.223588,-52.53905,0,0,0,0,0.826387,-52.53923,5.5,2.837211,0
1,2.837211,0,3.624871,0,0,1.105553,-13.40115,0,0,0.8753117,-13.40106,6,0,0
1,4.415462,-25,11.00274,0,0,2.008456,-6.101242,0,0,1.880691,-6.101242,0,3.758882,25
1,3.758882,25,9.06684,0,0,2.575062,-5.952728,0,0,1.313018,-5.952698,0.5,3.380498,-9.878008
1,3.380498,-9.878008,7.474763,0,0,2.256915,-27.07248,0,0,2.086048,-27.07242,1,2.980201,-18.77458
1,2.980201,-18.77458,5.956358,0,0,1.525316,-2.891312,0,0,2.346724,-2.891235,1.5,2.770731,0
1,2.770731,0,4.537863,0,0,1.787837,-9.763611,0,0,2.136109,-9.76358,2,2.556695,4.950288
1,2.556695,4.950288,3.233382,0,0,2.070125,-9.827133,0,0,1.854571,-9.827148,2.5,2.323135,-7.42865
1,2.323135,-7.42865,2.036546,0,0,2.092272,-2.882751,0,0,1.779739,-2.88269,3,2.146102,0
1,2.146102,0,0.9981178,0,0,2.247614,-5.809341,0,0,1.63946,-5.809433,3.5,1.939211,-21.0929
1,1.939211,-21.0929,0.5812409,0,0,2.344076,-6.577484,0,0,1.548657,-6.577393,4,1.724946,-25
1,1.724946,-25,1.351498,2.197233,-29.58797,0,0,0,0,1.167786,-29.58876,4.5,2.447251,-25
1,2.447251,-25,2.318687,2.126076,-46.51859,0,0,0,0,0.6559159,-46.51842,5,0,0
1,5.718546,-11.17635,10.93322,0,0,2.23072,-20.77589,0,0,1.905336,-20.77571,0,5.067726,1.184371
1,5.067726,1.184371,8.315602,0,0,1.64869,-14.56181,0,0,2.34677,-14.56181,0.5,4.651303,7.500814
1,4.651303,7.500814,6.00542,0,0,2.330143,-14.38295,0,0,1.662095,-14.383,1,4.246281,0
1,4.246281,0,3.813768,0,0,2.410956,-3.03157,0,0,1.461575,-3.031769,1.5,3.89787,-3.745627
1,3.89787,-3.745627,1.79662,0,0,2.269979,-7.543381,0,0,1.630891,-7.543442,2,3.449332,-16.29929
1,3.449332,-16.29929,0.6210183,0,0,2.418967,-14.72464,0,0,1.57946,-14.72469,2.5,3.079447,-25
1,3.079447,-25,2.041568,2.408072,-39.22885,0,0,0,0,0.9642705,-39.23038,3,2.111732,0
1,2.111732,0,3.107286,0,0,1.378308,-11.67165,0,0,0.5893071,-11.67168,3.5,0,0
1,5.525024,-19.87687,10.91535,0,0,1.661343,-13.42426,0,0,2.314398,-13.42422,0,4.92605,0.2558948
1,4.92605,0.2558948,8.571924,0,0,2.279204,-24.93718,0,0,1.985503,-24.93715,0.5,4.284554,25
1,4.284554,25,6.509408,0,0,0,0,0,0,0,0,1,3.962162,0.2558948
1,3.962162,0.2558948,4.531548,0,0,2.734838,-23.39987,0,0,1.478827,-23.39978,1.5,3.618556,0.2558948
1,3.618556,0.2558948,2.731217,0,0,1.825847,-15.42552,0,0,2.185775,-15.42548,2,3.189298,-23.7473
1,3.189298,-23.7473,1.110754,0,0,1.54603,-4.855911,0,0,2.335014,-4.855835,2.5,2.953118,-11.17591
1,2.953118,-11.17591,0.5614011,0,0,2.29151,-20.28891,0,0,1.831402,-20.28894,3,2.599414,-25
1,2.599414,-25,1.852921,2.014877,-40.58775,0,0,0,0,1.359052,-40.58801,3.5,2.358557,-25
1,2.358557,-25,3.005927,2.393393,-21.88496,2.408578,-21.88506,0,0,1.091599,-21.88504,4,0,0
1,2.469169,-25,11.02178,0,0,1.997661,-17.87462,0,0,2.065583,-17.87471,0,2.225914,-25
1,2.225914,-25,9.93186,0,0,2.288502,-16.19249,0,0,1.738354,-16.19266,0.5,1.88951,25
1,1.88951,25,9.009753,0,0,2.756267,-21.31268,0,0,1.39473,-21.31279,1,1.698875,25
1,1.698875,25,8.125877,0,0,2.488555,-4.404373,0,0,1.390009,-4.404236,1.5,2.718176,-14.87112
1,2.718176,-14.87112,7.090307,0,0,2.289532,-20.59962,0,0,1.841725,-20.59959,2,3.571259,3.691663
1,3.571259,3.691663,5.552382,0,0,2.225735,-10.87199,0,0,1.712055,-10.87202,2.5,3.469751,22.56096
1,3.469751,22.56096,3.784129,0,0,2.275272,-3.450882,0,0,1.598866,-3.450928,3,3.033787,-14.92644
1,3.033787,-14.92644,2.2865,0,0,1.648355,-11.71698,0,0,2.301052,-11.71703,3.5,2.760216,-18.63389
1,2.760216,-18.63389,0.884577,0,0,1.606966,-1.797226,0,0,2.262047,-1.796997,4,2.485894,-23.50528
1,2.485894,-23.50528,0.5488961,0,0,2.150334,-19.15854,0,0,1.943518,-19.15851,4.5,2.224354,-25
1,2.224354,-25,1.621916,2.242026,-41.17325,0,0,0,0,1.58656,-41.17316,5,2.044908,-16.30269
1,2.044908,-16.30269,2.595797,2.79396,-22.95181,0,0,0,0,0.8077813,-22.94987,5.5,1.86256,0
1,1.86256,0,3.447917,0,0,1.113706,-8.929504,0,0,0.8368636,-8.929413,6,0,0
1,6.130949,0,10.85431,0,0,1.724355,0,0,0,2.142755,0,0,7.456842,0
1,7.456842,0,7.364516,0,0,1.723787,0,0,0,2.143323,0,0.5,6.706345,0
1,6.706345,0,3.833865,0,0,1.723381,0,0,0,2.14373,0,1,6.351556,-13.66747
1,6.351556,-13.66747,0.6293012,0,0,1.754591,-2.564453,0,0,2.1164,-2.564453,1.5,5.341053,-25
1,5.341053,-25,2.249893,1.926147,-42.77341,0,0,0,0,1.521157,-42.77277,2,0,0
1,5.746314,-12.44258,10.95565,0,0,1.720214,-0.07661438,0,0,2.146899,-0.07661438,0,5.065973,18.67492
1,5.065973,18.67492,8.500114,2.483705,-59.66485,0,0,0,0,1.453396,-30.33572,0.5,4.454607,18.77409
1,4.454607,18.77409,6.226875,0,0,2.995303,-2.0242,0,0,0,0,1,4.010045,-5.011554
1,4.010045,-5.011554,4.28872,0,0,2.080482,-22.78333,0,0,2.113896,-22.78333,1.5,5.07204,-16.1525
1,5.07204,-16.1525,2.274361,0,0,1.412477,-20.0882,0,0,2.705127,-20.08817,2,5.088677,-18.77802
1,5.088677,-18.77802,0.3845476,0,0,1.802132,-28.97636,0,0,2.618342,-28.97639,2.5,4.674312,-25
1,4.674312,-25,2.638902,2.879029,-57.33893,0,0,0,0,1.263991,-57.34109,3,0,0
1,5.861286,0,10.93845,0,0,1.604601,-1.380844,0,0,2.263632,-1.380844,0,5.550695,0
1,5.550695,0,8.022324,0,0,1.520753,-1.387482,0,0,2.347491,-1.387482,0.5,5.265282,0
1,5.265282,0,5.303157,0,0,1.49556,-0.9421082,0,0,2.372075,-0.9421082,1,4.83592,0
1,4.83592,0,2.795524,0,0,1.703977,-3.922913,0,0,2.172215,-3.922806,1.5,4.45339,-8.756429
1,4.45339,-8.756429,0.5395202,0,0,1.833193,-3.925995,0,0,2.043013,-3.926102,2,3.883654,-25
1,3.883654,-25,1.624962,1.963173,-39.7253,0,0,0,0,1.440175,-39.72504,2.5,3.548822,-21.28644
1,3.548822,-21.28644,3.300938,2.448108,-19.79669,2.384619,-19.79585,0,0,1.067314,-19.79582,3,0,0
1,4.105472,0,10.97108,0,0,1.724964,0,0,0,2.142147,0,0,3.845061,0
1,3.845061,0,8.976595,0,0,1.724964,0,0,0,2.142147,0,0.5,3.55293,0
1,3.55293,0,7.132613,0,0,1.724964,0,0,0,2.142147,0,1,4.08896,0
1,4.08896,0,5.334295,0,0,1.724964,0,0,0,2.142147,0,1.5,4.447511,0
1,4.447511,0,3.114568,0,0,1.724964,0,0,0,2.142147,0,2,4.109549,0
1,4.109549,0,1.019197,0,0,1.724964,0,0,0,2.142147,0,2.5,3.611622,-25
1,3.611622,-25,0.9592628,0,0,1.847586,-7.71228,0,0,2.054829,-7.712296,3,3.25289,-25
1,3.25289,-25,2.453179,1.769793,-56.58163,2.75035,-33.4169,0,0,1.152056,-56.5831,3.5,3.015629,0
1,3.015629,0,3.706961,0,0,0.8236048,-5.699081,0,0,1.112896,-5.699051,4,0,0
1,3.443237,-6.166092,10.99391,0,0,1.359018,-5.505524,0,0,2.526014,-5.505417,0,3.167228,0.309584
1,3.167228,0.309584,9.353343,0,0,1.326906,-1.281906,0,0,2.541173,-1.282227,0.5,3.913293,0.309584
1,3.913293,0.309584,7.496272,0,0,1.262725,-1.894547,0,0,2.6065,-1.894348,1,3.521117,-11.1768
1,3.521117,-11.1768,5.675449,0,0,1.373028,-8.322311,0,0,2.535243,-8.322311,1.5,3.149816,23.62165
1,3.149816,23.62165,4.072278,0,0,2.075984,-13.54802,0,0,1.901815,-13.54799,2,2.902073,2.665487
1,2.902073,2.665487,2.619493,0,0,1.862282,-9.909973,0,0,2.063402,-9.910004,2.5,2.591331,-14.92143
1,2.591331,-14.92143,1.309608,0,0,1.618674,-0.1412659,0,0,2.248448,-0.1398773,3,2.400652,-2.458882
1,2.400652,-2.458882,0.2986537,0,0,1.785563,-6.678604,0,0,2.107968,-6.678558,3.5,2.115282,-25
1,2.115282,-25,1.096933,0,0,2.366904,-22.87646,0,0,1.830339,-22.87646,4,1.905204,-25
1,1.905204,-25,1.989223,1.663455,-47.48872,0,0,0,0,1.489825,-42.51114,4.5,1.713555,-25
1,1.713555,-25,2.731234,2.240662,-69.00665,0,0,0,0,1.204144,-20.99214,5,1.560746,-13.82412
1,1.560746,-13.82412,3.326906,0,0,0.816162,-5.08519,0,0,1.118381,-5.08519,5.5,0,0
1,6.001458,0,10.95873,0,0,1.574994,-3.157898,0,0,2.297997,-3.157761,0,5.592262,0
1,5.592262,0,8.027613,0,0,1.637554,-5.670151,0,0,2.248572,-5.670181,0.5,5.271572,4.977768
1,5.271572,4.977768,5.326237,0,0,1.808713,-1.985825,0,0,2.060726,-1.985641,1,3.501031,-7.441261
1,3.501031,-7.441261,3.349405,0,0,1.439402,-8.897247,0,0,2.474807,-8.897308,1.5,3.205815,0
1,3.205815,0,1.726465,0,0,1.41627,-0.7715149,0,0,2.451192,-0.7720184,2,2.85063,-25
1,2.85063,-25,0.4234902,0,0,1.582751,-9.270355,0,0,2.335538,-9.270462,2.5,2.562717,-25
1,2.562717,-25,1.080151,2.966671,-54.82808,2.671865,-35.17178,0,0,2.058959,-35.17181,3,2.315204,-25
1,2.315204,-25,2.198505,0,0,2.986081,-25.55821,0,0,0.8615335,-64.4418,3.5,2.14458,0
1,2.14458,0,3.168869,0,0,1.319166,-7.368362,0,0,0.623807,-7.368362,4,0,0
1,4.875658,0,10.98922,0,0,1.426714,-8.296921,0,0,2.4813,-8.296997,0,4.973156,-13.64754
1,4.973156,-13.64754,8.488788,0,0,1.134623,-7.830627,0,0,2.768888,-7.830688,0.5,4.559288,8.681141
1,4.559288,8.681141,6.116276,0,0,1.512366,-10.46623,0,0,2.420174,-10.46628,1,4.18296,-9.965719
1,4.18296,-9.965719,3.934114,0,0,1.581878,-2.502487,0,0,2.288924,-2.502411,1.5,3.780956,13.66749
1,3.780956,13.66749,1.961552,0,0,1.856886,-4.184448,0,0,2.020565,-4.184601,2,3.352477,-25
1,3.352477,-25,0.3588279,0,0,1.679692,-5.332077,0,0,2.204228,-5.33197,2.5,3.008899,-25
1,3.008899,-25,1.359231,2.450027,-53.96729,0,0,0,0,1.750228,-36.03247,3,2.767335,-8.873383
1,2.767335,-8.873383,2.630053,2.923369,-64.26763,2.875316,-25.7332,0,0,0.8666244,-64.2668,3.5,0,0
1,5.900594,0,10.91076,0,0,1.723594,-0.01979065,0,0,2.143516,0,0,6.253976,0
1,6.253976,0,7.795662,0,0,1.722293,-0.01979065,0,0,2.144817,-0.02796936,0.5,5.548414,0
1,5.548414,0,4.851876,0,0,1.721427,-0.01979065,0,0,2.145683,0,1,5.263904,0
1,5.263904,0,2.135235,0,0,1.719663,-0.09065247,0,0,2.147452,-0.08847046,1.5,4.525024,-23.61496
1,4.525024,-23.61496,0.45741,0,0,1.743365,-2.024002,0,0,2.126161,-2.024094,2,4.012685,-25
1,4.012685,-25,2.325641,1.901323,-54.94635,2.94759,-35.05208,0,0,1.219546,-54.94791,2.5,0,0